5001
1 91 3 338 0 233 0
1 434 1 969 0 759 0
2 921 2 508 2 812 1
2 549 0 836 1 629 1
1 129 1 759 0 177 0
2 681 3 23 2 833 1
1 464 0 658 3 137 2
1 603 2 240 3 236 1
2 263 3 136 1 780 0
1 261 0 793 0 858 2
2 353 2 203 1 582 2
1 782 0 774 0 197 3
2 648 3 949 1 112 2
1 406 0 981 0 71 0
2 846 1 53 0 284 3
2 273 3 227 2 977 2
1 916 0 843 0 542 3
1 588 0 444 1 783 0
1 197 2 712 2 191 3
1 898 0 880 3 308 1
1 91 3 338 0 233 0
1 434 1 969 0 759 0
2 921 2 508 2 812 1
2 549 0 836 1 629 1
1 129 1 759 0 177 0
2 681 3 23 2 833 1
1 464 0 658 3 137 2
1 603 2 240 3 236 1
2 263 3 136 1 780 0
1 261 0 793 0 858 2
2 353 2 203 1 582 2
1 782 0 774 0 197 3
2 648 3 949 1 112 2
1 406 0 981 0 71 0
2 846 1 53 0 284 3
2 273 3 227 2 977 2
1 916 0 843 0 542 3
1 588 0 444 1 783 0
1 197 2 712 2 191 3
1 898 0 880 3 308 1
1 91 3 338 0 233 0
1 434 1 969 0 759 0
2 921 2 508 2 812 1
2 549 0 836 1 629 1
1 129 1 759 0 177 0
2 681 3 23 2 833 1
1 464 0 658 3 137 2
1 603 2 240 3 236 1
2 263 3 136 1 780 0
1 261 0 793 0 858 2
2 353 2 203 1 582 2
1 782 0 774 0 197 3
2 648 3 949 1 112 2
1 406 0 981 0 71 0
2 846 1 53 0 284 3
2 273 3 227 2 977 2
1 916 0 843 0 542 3
1 588 0 444 1 783 0
1 197 2 712 2 191 3
1 898 0 880 3 308 1
1 91 3 338 0 233 0
1 434 1 969 0 759 0
2 921 2 508 2 812 1
2 549 0 836 1 629 1
1 129 1 759 0 177 0
2 681 3 23 2 833 1
1 464 0 658 3 137 2
1 603 2 240 3 236 1
2 263 3 136 1 780 0
1 261 0 793 0 858 2
2 353 2 203 1 582 2
1 782 0 774 0 197 3
2 648 3 949 1 112 2
1 406 0 981 0 71 0
2 846 1 53 0 284 3
2 273 3 227 2 977 2
1 916 0 843 0 542 3
1 588 0 444 1 783 0
1 197 2 712 2 191 3
1 898 0 880 3 308 1
1 91 3 338 0 233 0
1 434 1 969 0 759 0
2 921 2 508 2 812 1
2 549 0 836 1 629 1
1 129 1 759 0 177 0
2 681 3 23 2 833 1
1 464 0 658 3 137 2
1 603 2 240 3 236 1
2 263 3 136 1 780 0
1 261 0 793 0 858 2
2 353 2 203 1 582 2
1 782 0 774 0 197 3
2 648 3 949 1 112 2
1 406 0 981 0 71 0
2 846 1 53 0 284 3
2 273 3 227 2 977 2
1 916 0 843 0 542 3
1 588 0 444 1 783 0
1 197 2 712 2 191 3
1 898 0 880 3 308 1
1 91 3 338 0 233 0
1 434 1 969 0 759 0
2 921 2 508 2 812 1
2 549 0 836 1 629 1
1 129 1 759 0 177 0
2 681 3 23 2 833 1
1 464 0 658 3 137 2
1 603 2 240 3 236 1
2 263 3 136 1 780 0
1 261 0 793 0 858 2
2 353 2 203 1 582 2
1 782 0 774 0 197 3
2 648 3 949 1 112 2
1 406 0 981 0 71 0
2 846 1 53 0 284 3
2 273 3 227 2 977 2
1 916 0 843 0 542 3
1 588 0 444 1 783 0
1 197 2 712 2 191 3
1 898 0 880 3 308 1
1 91 3 338 0 233 0
1 434 1 969 0 759 0
2 921 2 508 2 812 1
2 549 0 836 1 629 1
1 129 1 759 0 177 0
2 681 3 23 2 833 1
1 464 0 658 3 137 2
1 603 2 240 3 236 1
2 263 3 136 1 780 0
1 261 0 793 0 858 2
2 353 2 203 1 582 2
1 782 0 774 0 197 3
2 648 3 949 1 112 2
1 406 0 981 0 71 0
2 846 1 53 0 284 3
2 273 3 227 2 977 2
1 916 0 843 0 542 3
1 588 0 444 1 783 0
1 197 2 712 2 191 3
1 898 0 880 3 308 1
1 91 3 338 0 233 0
1 434 1 969 0 759 0
2 921 2 508 2 812 1
2 549 0 836 1 629 1
1 129 1 759 0 177 0
2 681 3 23 2 833 1
1 464 0 658 3 137 2
1 603 2 240 3 236 1
2 263 3 136 1 780 0
1 261 0 793 0 858 2
2 353 2 203 1 582 2
1 782 0 774 0 197 3
2 648 3 949 1 112 2
1 406 0 981 0 71 0
2 846 1 53 0 284 3
2 273 3 227 2 977 2
1 916 0 843 0 542 3
1 588 0 444 1 783 0
1 197 2 712 2 191 3
1 898 0 880 3 308 1
1 91 3 338 0 233 0
1 434 1 969 0 759 0
2 921 2 508 2 812 1
2 549 0 836 1 629 1
1 129 1 759 0 177 0
2 681 3 23 2 833 1
1 464 0 658 3 137 2
1 603 2 240 3 236 1
2 263 3 136 1 780 0
1 261 0 793 0 858 2
2 353 2 203 1 582 2
1 782 0 774 0 197 3
2 648 3 949 1 112 2
1 406 0 981 0 71 0
2 846 1 53 0 284 3
2 273 3 227 2 977 2
1 916 0 843 0 542 3
1 588 0 444 1 783 0
1 197 2 712 2 191 3
1 898 0 880 3 308 1
1 91 3 338 0 233 0
1 434 1 969 0 759 0
2 921 2 508 2 812 1
2 549 0 836 1 629 1
1 129 1 759 0 177 0
2 681 3 23 2 833 1
1 464 0 658 3 137 2
1 603 2 240 3 236 1
2 263 3 136 1 780 0
1 261 0 793 0 858 2
2 353 2 203 1 582 2
1 782 0 774 0 197 3
2 648 3 949 1 112 2
1 406 0 981 0 71 0
2 846 1 53 0 284 3
2 273 3 227 2 977 2
1 916 0 843 0 542 3
1 588 0 444 1 783 0
1 197 2 712 2 191 3
1 898 0 880 3 308 1
1 91 3 338 0 233 0
1 434 1 969 0 759 0
2 921 2 508 2 812 1
2 549 0 836 1 629 1
1 129 1 759 0 177 0
2 681 3 23 2 833 1
1 464 0 658 3 137 2
1 603 2 240 3 236 1
2 263 3 136 1 780 0
1 261 0 793 0 858 2
2 353 2 203 1 582 2
1 782 0 774 0 197 3
2 648 3 949 1 112 2
1 406 0 981 0 71 0
2 846 1 53 0 284 3
2 273 3 227 2 977 2
1 916 0 843 0 542 3
1 588 0 444 1 783 0
1 197 2 712 2 191 3
1 898 0 880 3 308 1
1 91 3 338 0 233 0
1 434 1 969 0 759 0
2 921 2 508 2 812 1
2 549 0 836 1 629 1
1 129 1 759 0 177 0
2 681 3 23 2 833 1
1 464 0 658 3 137 2
1 603 2 240 3 236 1
2 263 3 136 1 780 0
1 261 0 793 0 858 2
2 353 2 203 1 582 2
1 782 0 774 0 197 3
2 648 3 949 1 112 2
1 406 0 981 0 71 0
2 846 1 53 0 284 3
2 273 3 227 2 977 2
1 916 0 843 0 542 3
1 588 0 444 1 783 0
1 197 2 712 2 191 3
1 898 0 880 3 308 1
1 91 3 338 0 233 0
1 434 1 969 0 759 0
2 921 2 508 2 812 1
2 549 0 836 1 629 1
1 129 1 759 0 177 0
2 681 3 23 2 833 1
1 464 0 658 3 137 2
1 603 2 240 3 236 1
2 263 3 136 1 780 0
1 261 0 793 0 858 2
2 353 2 203 1 582 2
1 782 0 774 0 197 3
2 648 3 949 1 112 2
1 406 0 981 0 71 0
2 846 1 53 0 284 3
2 273 3 227 2 977 2
1 916 0 843 0 542 3
1 588 0 444 1 783 0
1 197 2 712 2 191 3
1 898 0 880 3 308 1
1 91 3 338 0 233 0
1 434 1 969 0 759 0
2 921 2 508 2 812 1
2 549 0 836 1 629 1
1 129 1 759 0 177 0
2 681 3 23 2 833 1
1 464 0 658 3 137 2
1 603 2 240 3 236 1
2 263 3 136 1 780 0
1 261 0 793 0 858 2
2 353 2 203 1 582 2
1 782 0 774 0 197 3
2 648 3 949 1 112 2
1 406 0 981 0 71 0
2 846 1 53 0 284 3
2 273 3 227 2 977 2
1 916 0 843 0 542 3
1 588 0 444 1 783 0
1 197 2 712 2 191 3
1 898 0 880 3 308 1
1 91 3 338 0 233 0
1 434 1 969 0 759 0
2 921 2 508 2 812 1
2 549 0 836 1 629 1
1 129 1 759 0 177 0
2 681 3 23 2 833 1
1 464 0 658 3 137 2
1 603 2 240 3 236 1
2 263 3 136 1 780 0
1 261 0 793 0 858 2
2 353 2 203 1 582 2
1 782 0 774 0 197 3
2 648 3 949 1 112 2
1 406 0 981 0 71 0
2 846 1 53 0 284 3
2 273 3 227 2 977 2
1 916 0 843 0 542 3
1 588 0 444 1 783 0
1 197 2 712 2 191 3
1 898 0 880 3 308 1
1 91 3 338 0 233 0
1 434 1 969 0 759 0
2 921 2 508 2 812 1
2 549 0 836 1 629 1
1 129 1 759 0 177 0
2 681 3 23 2 833 1
1 464 0 658 3 137 2
1 603 2 240 3 236 1
2 263 3 136 1 780 0
1 261 0 793 0 858 2
2 353 2 203 1 582 2
1 782 0 774 0 197 3
2 648 3 949 1 112 2
1 406 0 981 0 71 0
2 846 1 53 0 284 3
2 273 3 227 2 977 2
1 916 0 843 0 542 3
1 588 0 444 1 783 0
1 197 2 712 2 191 3
1 898 0 880 3 308 1
1 91 3 338 0 233 0
1 434 1 969 0 759 0
2 921 2 508 2 812 1
2 549 0 836 1 629 1
1 129 1 759 0 177 0
2 681 3 23 2 833 1
1 464 0 658 3 137 2
1 603 2 240 3 236 1
2 263 3 136 1 780 0
1 261 0 793 0 858 2
2 353 2 203 1 582 2
1 782 0 774 0 197 3
2 648 3 949 1 112 2
1 406 0 981 0 71 0
2 846 1 53 0 284 3
2 273 3 227 2 977 2
1 916 0 843 0 542 3
1 588 0 444 1 783 0
1 197 2 712 2 191 3
1 898 0 880 3 308 1
1 91 3 338 0 233 0
1 434 1 969 0 759 0
2 921 2 508 2 812 1
2 549 0 836 1 629 1
1 129 1 759 0 177 0
2 681 3 23 2 833 1
1 464 0 658 3 137 2
1 603 2 240 3 236 1
2 263 3 136 1 780 0
1 261 0 793 0 858 2
2 353 2 203 1 582 2
1 782 0 774 0 197 3
2 648 3 949 1 112 2
1 406 0 981 0 71 0
2 846 1 53 0 284 3
2 273 3 227 2 977 2
1 916 0 843 0 542 3
1 588 0 444 1 783 0
1 197 2 712 2 191 3
1 898 0 880 3 308 1
1 91 3 338 0 233 0
1 434 1 969 0 759 0
2 921 2 508 2 812 1
2 549 0 836 1 629 1
1 129 1 759 0 177 0
2 681 3 23 2 833 1
1 464 0 658 3 137 2
1 603 2 240 3 236 1
2 263 3 136 1 780 0
1 261 0 793 0 858 2
2 353 2 203 1 582 2
1 782 0 774 0 197 3
2 648 3 949 1 112 2
1 406 0 981 0 71 0
2 846 1 53 0 284 3
2 273 3 227 2 977 2
1 916 0 843 0 542 3
1 588 0 444 1 783 0
1 197 2 712 2 191 3
1 898 0 880 3 308 1
1 91 3 338 0 233 0
1 434 1 969 0 759 0
2 921 2 508 2 812 1
2 549 0 836 1 629 1
1 129 1 759 0 177 0
2 681 3 23 2 833 1
1 464 0 658 3 137 2
1 603 2 240 3 236 1
2 263 3 136 1 780 0
1 261 0 793 0 858 2
2 353 2 203 1 582 2
1 782 0 774 0 197 3
2 648 3 949 1 112 2
1 406 0 981 0 71 0
2 846 1 53 0 284 3
2 273 3 227 2 977 2
1 916 0 843 0 542 3
1 588 0 444 1 783 0
1 197 2 712 2 191 3
1 898 0 880 3 308 1
1 91 3 338 0 233 0
1 434 1 969 0 759 0
2 921 2 508 2 812 1
2 549 0 836 1 629 1
1 129 1 759 0 177 0
2 681 3 23 2 833 1
1 464 0 658 3 137 2
1 603 2 240 3 236 1
2 263 3 136 1 780 0
1 261 0 793 0 858 2
2 353 2 203 1 582 2
1 782 0 774 0 197 3
2 648 3 949 1 112 2
1 406 0 981 0 71 0
2 846 1 53 0 284 3
2 273 3 227 2 977 2
1 916 0 843 0 542 3
1 588 0 444 1 783 0
1 197 2 712 2 191 3
1 898 0 880 3 308 1
1 91 3 338 0 233 0
1 434 1 969 0 759 0
2 921 2 508 2 812 1
2 549 0 836 1 629 1
1 129 1 759 0 177 0
2 681 3 23 2 833 1
1 464 0 658 3 137 2
1 603 2 240 3 236 1
2 263 3 136 1 780 0
1 261 0 793 0 858 2
2 353 2 203 1 582 2
1 782 0 774 0 197 3
2 648 3 949 1 112 2
1 406 0 981 0 71 0
2 846 1 53 0 284 3
2 273 3 227 2 977 2
1 916 0 843 0 542 3
1 588 0 444 1 783 0
1 197 2 712 2 191 3
1 898 0 880 3 308 1
1 91 3 338 0 233 0
1 434 1 969 0 759 0
2 921 2 508 2 812 1
2 549 0 836 1 629 1
1 129 1 759 0 177 0
2 681 3 23 2 833 1
1 464 0 658 3 137 2
1 603 2 240 3 236 1
2 263 3 136 1 780 0
1 261 0 793 0 858 2
2 353 2 203 1 582 2
1 782 0 774 0 197 3
2 648 3 949 1 112 2
1 406 0 981 0 71 0
2 846 1 53 0 284 3
2 273 3 227 2 977 2
1 916 0 843 0 542 3
1 588 0 444 1 783 0
1 197 2 712 2 191 3
1 898 0 880 3 308 1
1 91 3 338 0 233 0
1 434 1 969 0 759 0
2 921 2 508 2 812 1
2 549 0 836 1 629 1
1 129 1 759 0 177 0
2 681 3 23 2 833 1
1 464 0 658 3 137 2
1 603 2 240 3 236 1
2 263 3 136 1 780 0
1 261 0 793 0 858 2
2 353 2 203 1 582 2
1 782 0 774 0 197 3
2 648 3 949 1 112 2
1 406 0 981 0 71 0
2 846 1 53 0 284 3
2 273 3 227 2 977 2
1 916 0 843 0 542 3
1 588 0 444 1 783 0
1 197 2 712 2 191 3
1 898 0 880 3 308 1
1 91 3 338 0 233 0
1 434 1 969 0 759 0
2 921 2 508 2 812 1
2 549 0 836 1 629 1
1 129 1 759 0 177 0
2 681 3 23 2 833 1
1 464 0 658 3 137 2
1 603 2 240 3 236 1
2 263 3 136 1 780 0
1 261 0 793 0 858 2
2 353 2 203 1 582 2
1 782 0 774 0 197 3
2 648 3 949 1 112 2
1 406 0 981 0 71 0
2 846 1 53 0 284 3
2 273 3 227 2 977 2
1 916 0 843 0 542 3
1 588 0 444 1 783 0
1 197 2 712 2 191 3
1 898 0 880 3 308 1
1 91 3 338 0 233 0
1 434 1 969 0 759 0
2 921 2 508 2 812 1
2 549 0 836 1 629 1
1 129 1 759 0 177 0
2 681 3 23 2 833 1
1 464 0 658 3 137 2
1 603 2 240 3 236 1
2 263 3 136 1 780 0
1 261 0 793 0 858 2
2 353 2 203 1 582 2
1 782 0 774 0 197 3
2 648 3 949 1 112 2
1 406 0 981 0 71 0
2 846 1 53 0 284 3
2 273 3 227 2 977 2
1 916 0 843 0 542 3
1 588 0 444 1 783 0
1 197 2 712 2 191 3
1 898 0 880 3 308 1
1 91 3 338 0 233 0
1 434 1 969 0 759 0
2 921 2 508 2 812 1
2 549 0 836 1 629 1
1 129 1 759 0 177 0
2 681 3 23 2 833 1
1 464 0 658 3 137 2
1 603 2 240 3 236 1
2 263 3 136 1 780 0
1 261 0 793 0 858 2
2 353 2 203 1 582 2
1 782 0 774 0 197 3
2 648 3 949 1 112 2
1 406 0 981 0 71 0
2 846 1 53 0 284 3
2 273 3 227 2 977 2
1 916 0 843 0 542 3
1 588 0 444 1 783 0
1 197 2 712 2 191 3
1 898 0 880 3 308 1
1 91 3 338 0 233 0
1 434 1 969 0 759 0
2 921 2 508 2 812 1
2 549 0 836 1 629 1
1 129 1 759 0 177 0
2 681 3 23 2 833 1
1 464 0 658 3 137 2
1 603 2 240 3 236 1
2 263 3 136 1 780 0
1 261 0 793 0 858 2
2 353 2 203 1 582 2
1 782 0 774 0 197 3
2 648 3 949 1 112 2
1 406 0 981 0 71 0
2 846 1 53 0 284 3
2 273 3 227 2 977 2
1 916 0 843 0 542 3
1 588 0 444 1 783 0
1 197 2 712 2 191 3
1 898 0 880 3 308 1
1 91 3 338 0 233 0
1 434 1 969 0 759 0
2 921 2 508 2 812 1
2 549 0 836 1 629 1
1 129 1 759 0 177 0
2 681 3 23 2 833 1
1 464 0 658 3 137 2
1 603 2 240 3 236 1
2 263 3 136 1 780 0
1 261 0 793 0 858 2
2 353 2 203 1 582 2
1 782 0 774 0 197 3
2 648 3 949 1 112 2
1 406 0 981 0 71 0
2 846 1 53 0 284 3
2 273 3 227 2 977 2
1 916 0 843 0 542 3
1 588 0 444 1 783 0
1 197 2 712 2 191 3
1 898 0 880 3 308 1
1 91 3 338 0 233 0
1 434 1 969 0 759 0
2 921 2 508 2 812 1
2 549 0 836 1 629 1
1 129 1 759 0 177 0
2 681 3 23 2 833 1
1 464 0 658 3 137 2
1 603 2 240 3 236 1
2 263 3 136 1 780 0
1 261 0 793 0 858 2
2 353 2 203 1 582 2
1 782 0 774 0 197 3
2 648 3 949 1 112 2
1 406 0 981 0 71 0
2 846 1 53 0 284 3
2 273 3 227 2 977 2
1 916 0 843 0 542 3
1 588 0 444 1 783 0
1 197 2 712 2 191 3
1 898 0 880 3 308 1
1 91 3 338 0 233 0
1 434 1 969 0 759 0
2 921 2 508 2 812 1
2 549 0 836 1 629 1
1 129 1 759 0 177 0
2 681 3 23 2 833 1
1 464 0 658 3 137 2
1 603 2 240 3 236 1
2 263 3 136 1 780 0
1 261 0 793 0 858 2
2 353 2 203 1 582 2
1 782 0 774 0 197 3
2 648 3 949 1 112 2
1 406 0 981 0 71 0
2 846 1 53 0 284 3
2 273 3 227 2 977 2
1 916 0 843 0 542 3
1 588 0 444 1 783 0
1 197 2 712 2 191 3
1 898 0 880 3 308 1
1 91 3 338 0 233 0
1 434 1 969 0 759 0
2 921 2 508 2 812 1
2 549 0 836 1 629 1
1 129 1 759 0 177 0
2 681 3 23 2 833 1
1 464 0 658 3 137 2
1 603 2 240 3 236 1
2 263 3 136 1 780 0
1 261 0 793 0 858 2
2 353 2 203 1 582 2
1 782 0 774 0 197 3
2 648 3 949 1 112 2
1 406 0 981 0 71 0
2 846 1 53 0 284 3
2 273 3 227 2 977 2
1 916 0 843 0 542 3
1 588 0 444 1 783 0
1 197 2 712 2 191 3
1 898 0 880 3 308 1
1 91 3 338 0 233 0
1 434 1 969 0 759 0
2 921 2 508 2 812 1
2 549 0 836 1 629 1
1 129 1 759 0 177 0
2 681 3 23 2 833 1
1 464 0 658 3 137 2
1 603 2 240 3 236 1
2 263 3 136 1 780 0
1 261 0 793 0 858 2
2 353 2 203 1 582 2
1 782 0 774 0 197 3
2 648 3 949 1 112 2
1 406 0 981 0 71 0
2 846 1 53 0 284 3
2 273 3 227 2 977 2
1 916 0 843 0 542 3
1 588 0 444 1 783 0
1 197 2 712 2 191 3
1 898 0 880 3 308 1
1 91 3 338 0 233 0
1 434 1 969 0 759 0
2 921 2 508 2 812 1
2 549 0 836 1 629 1
1 129 1 759 0 177 0
2 681 3 23 2 833 1
1 464 0 658 3 137 2
1 603 2 240 3 236 1
2 263 3 136 1 780 0
1 261 0 793 0 858 2
2 353 2 203 1 582 2
1 782 0 774 0 197 3
2 648 3 949 1 112 2
1 406 0 981 0 71 0
2 846 1 53 0 284 3
2 273 3 227 2 977 2
1 916 0 843 0 542 3
1 588 0 444 1 783 0
1 197 2 712 2 191 3
1 898 0 880 3 308 1
1 91 3 338 0 233 0
1 434 1 969 0 759 0
2 921 2 508 2 812 1
2 549 0 836 1 629 1
1 129 1 759 0 177 0
2 681 3 23 2 833 1
1 464 0 658 3 137 2
1 603 2 240 3 236 1
2 263 3 136 1 780 0
1 261 0 793 0 858 2
2 353 2 203 1 582 2
1 782 0 774 0 197 3
2 648 3 949 1 112 2
1 406 0 981 0 71 0
2 846 1 53 0 284 3
2 273 3 227 2 977 2
1 916 0 843 0 542 3
1 588 0 444 1 783 0
1 197 2 712 2 191 3
1 898 0 880 3 308 1
1 91 3 338 0 233 0
1 434 1 969 0 759 0
2 921 2 508 2 812 1
2 549 0 836 1 629 1
1 129 1 759 0 177 0
2 681 3 23 2 833 1
1 464 0 658 3 137 2
1 603 2 240 3 236 1
2 263 3 136 1 780 0
1 261 0 793 0 858 2
2 353 2 203 1 582 2
1 782 0 774 0 197 3
2 648 3 949 1 112 2
1 406 0 981 0 71 0
2 846 1 53 0 284 3
2 273 3 227 2 977 2
1 916 0 843 0 542 3
1 588 0 444 1 783 0
1 197 2 712 2 191 3
1 898 0 880 3 308 1
1 91 3 338 0 233 0
1 434 1 969 0 759 0
2 921 2 508 2 812 1
2 549 0 836 1 629 1
1 129 1 759 0 177 0
2 681 3 23 2 833 1
1 464 0 658 3 137 2
1 603 2 240 3 236 1
2 263 3 136 1 780 0
1 261 0 793 0 858 2
2 353 2 203 1 582 2
1 782 0 774 0 197 3
2 648 3 949 1 112 2
1 406 0 981 0 71 0
2 846 1 53 0 284 3
2 273 3 227 2 977 2
1 916 0 843 0 542 3
1 588 0 444 1 783 0
1 197 2 712 2 191 3
1 898 0 880 3 308 1
1 91 3 338 0 233 0
1 434 1 969 0 759 0
2 921 2 508 2 812 1
2 549 0 836 1 629 1
1 129 1 759 0 177 0
2 681 3 23 2 833 1
1 464 0 658 3 137 2
1 603 2 240 3 236 1
2 263 3 136 1 780 0
1 261 0 793 0 858 2
2 353 2 203 1 582 2
1 782 0 774 0 197 3
2 648 3 949 1 112 2
1 406 0 981 0 71 0
2 846 1 53 0 284 3
2 273 3 227 2 977 2
1 916 0 843 0 542 3
1 588 0 444 1 783 0
1 197 2 712 2 191 3
1 898 0 880 3 308 1
1 91 3 338 0 233 0
1 434 1 969 0 759 0
2 921 2 508 2 812 1
2 549 0 836 1 629 1
1 129 1 759 0 177 0
2 681 3 23 2 833 1
1 464 0 658 3 137 2
1 603 2 240 3 236 1
2 263 3 136 1 780 0
1 261 0 793 0 858 2
2 353 2 203 1 582 2
1 782 0 774 0 197 3
2 648 3 949 1 112 2
1 406 0 981 0 71 0
2 846 1 53 0 284 3
2 273 3 227 2 977 2
1 916 0 843 0 542 3
1 588 0 444 1 783 0
1 197 2 712 2 191 3
1 898 0 880 3 308 1
1 91 3 338 0 233 0
1 434 1 969 0 759 0
2 921 2 508 2 812 1
2 549 0 836 1 629 1
1 129 1 759 0 177 0
2 681 3 23 2 833 1
1 464 0 658 3 137 2
1 603 2 240 3 236 1
2 263 3 136 1 780 0
1 261 0 793 0 858 2
2 353 2 203 1 582 2
1 782 0 774 0 197 3
2 648 3 949 1 112 2
1 406 0 981 0 71 0
2 846 1 53 0 284 3
2 273 3 227 2 977 2
1 916 0 843 0 542 3
1 588 0 444 1 783 0
1 197 2 712 2 191 3
1 898 0 880 3 308 1
1 91 3 338 0 233 0
1 434 1 969 0 759 0
2 921 2 508 2 812 1
2 549 0 836 1 629 1
1 129 1 759 0 177 0
2 681 3 23 2 833 1
1 464 0 658 3 137 2
1 603 2 240 3 236 1
2 263 3 136 1 780 0
1 261 0 793 0 858 2
2 353 2 203 1 582 2
1 782 0 774 0 197 3
2 648 3 949 1 112 2
1 406 0 981 0 71 0
2 846 1 53 0 284 3
2 273 3 227 2 977 2
1 916 0 843 0 542 3
1 588 0 444 1 783 0
1 197 2 712 2 191 3
1 898 0 880 3 308 1
1 91 3 338 0 233 0
1 434 1 969 0 759 0
2 921 2 508 2 812 1
2 549 0 836 1 629 1
1 129 1 759 0 177 0
2 681 3 23 2 833 1
1 464 0 658 3 137 2
1 603 2 240 3 236 1
2 263 3 136 1 780 0
1 261 0 793 0 858 2
2 353 2 203 1 582 2
1 782 0 774 0 197 3
2 648 3 949 1 112 2
1 406 0 981 0 71 0
2 846 1 53 0 284 3
2 273 3 227 2 977 2
1 916 0 843 0 542 3
1 588 0 444 1 783 0
1 197 2 712 2 191 3
1 898 0 880 3 308 1
1 91 3 338 0 233 0
1 434 1 969 0 759 0
2 921 2 508 2 812 1
2 549 0 836 1 629 1
1 129 1 759 0 177 0
2 681 3 23 2 833 1
1 464 0 658 3 137 2
1 603 2 240 3 236 1
2 263 3 136 1 780 0
1 261 0 793 0 858 2
2 353 2 203 1 582 2
1 782 0 774 0 197 3
2 648 3 949 1 112 2
1 406 0 981 0 71 0
2 846 1 53 0 284 3
2 273 3 227 2 977 2
1 916 0 843 0 542 3
1 588 0 444 1 783 0
1 197 2 712 2 191 3
1 898 0 880 3 308 1
1 91 3 338 0 233 0
1 434 1 969 0 759 0
2 921 2 508 2 812 1
2 549 0 836 1 629 1
1 129 1 759 0 177 0
2 681 3 23 2 833 1
1 464 0 658 3 137 2
1 603 2 240 3 236 1
2 263 3 136 1 780 0
1 261 0 793 0 858 2
2 353 2 203 1 582 2
1 782 0 774 0 197 3
2 648 3 949 1 112 2
1 406 0 981 0 71 0
2 846 1 53 0 284 3
2 273 3 227 2 977 2
1 916 0 843 0 542 3
1 588 0 444 1 783 0
1 197 2 712 2 191 3
1 898 0 880 3 308 1
1 91 3 338 0 233 0
1 434 1 969 0 759 0
2 921 2 508 2 812 1
2 549 0 836 1 629 1
1 129 1 759 0 177 0
2 681 3 23 2 833 1
1 464 0 658 3 137 2
1 603 2 240 3 236 1
2 263 3 136 1 780 0
1 261 0 793 0 858 2
2 353 2 203 1 582 2
1 782 0 774 0 197 3
2 648 3 949 1 112 2
1 406 0 981 0 71 0
2 846 1 53 0 284 3
2 273 3 227 2 977 2
1 916 0 843 0 542 3
1 588 0 444 1 783 0
1 197 2 712 2 191 3
1 898 0 880 3 308 1
1 91 3 338 0 233 0
1 434 1 969 0 759 0
2 921 2 508 2 812 1
2 549 0 836 1 629 1
1 129 1 759 0 177 0
2 681 3 23 2 833 1
1 464 0 658 3 137 2
1 603 2 240 3 236 1
2 263 3 136 1 780 0
1 261 0 793 0 858 2
2 353 2 203 1 582 2
1 782 0 774 0 197 3
2 648 3 949 1 112 2
1 406 0 981 0 71 0
2 846 1 53 0 284 3
2 273 3 227 2 977 2
1 916 0 843 0 542 3
1 588 0 444 1 783 0
1 197 2 712 2 191 3
1 898 0 880 3 308 1
1 91 3 338 0 233 0
1 434 1 969 0 759 0
2 921 2 508 2 812 1
2 549 0 836 1 629 1
1 129 1 759 0 177 0
2 681 3 23 2 833 1
1 464 0 658 3 137 2
1 603 2 240 3 236 1
2 263 3 136 1 780 0
1 261 0 793 0 858 2
2 353 2 203 1 582 2
1 782 0 774 0 197 3
2 648 3 949 1 112 2
1 406 0 981 0 71 0
2 846 1 53 0 284 3
2 273 3 227 2 977 2
1 916 0 843 0 542 3
1 588 0 444 1 783 0
1 197 2 712 2 191 3
1 898 0 880 3 308 1
1 91 3 338 0 233 0
1 434 1 969 0 759 0
2 921 2 508 2 812 1
2 549 0 836 1 629 1
1 129 1 759 0 177 0
2 681 3 23 2 833 1
1 464 0 658 3 137 2
1 603 2 240 3 236 1
2 263 3 136 1 780 0
1 261 0 793 0 858 2
2 353 2 203 1 582 2
1 782 0 774 0 197 3
2 648 3 949 1 112 2
1 406 0 981 0 71 0
2 846 1 53 0 284 3
2 273 3 227 2 977 2
1 916 0 843 0 542 3
1 588 0 444 1 783 0
1 197 2 712 2 191 3
1 898 0 880 3 308 1
1 91 3 338 0 233 0
1 434 1 969 0 759 0
2 921 2 508 2 812 1
2 549 0 836 1 629 1
1 129 1 759 0 177 0
2 681 3 23 2 833 1
1 464 0 658 3 137 2
1 603 2 240 3 236 1
2 263 3 136 1 780 0
1 261 0 793 0 858 2
2 353 2 203 1 582 2
1 782 0 774 0 197 3
2 648 3 949 1 112 2
1 406 0 981 0 71 0
2 846 1 53 0 284 3
2 273 3 227 2 977 2
1 916 0 843 0 542 3
1 588 0 444 1 783 0
1 197 2 712 2 191 3
1 898 0 880 3 308 1
1 91 3 338 0 233 0
1 434 1 969 0 759 0
2 921 2 508 2 812 1
2 549 0 836 1 629 1
1 129 1 759 0 177 0
2 681 3 23 2 833 1
1 464 0 658 3 137 2
1 603 2 240 3 236 1
2 263 3 136 1 780 0
1 261 0 793 0 858 2
2 353 2 203 1 582 2
1 782 0 774 0 197 3
2 648 3 949 1 112 2
1 406 0 981 0 71 0
2 846 1 53 0 284 3
2 273 3 227 2 977 2
1 916 0 843 0 542 3
1 588 0 444 1 783 0
1 197 2 712 2 191 3
1 898 0 880 3 308 1
1 91 3 338 0 233 0
1 434 1 969 0 759 0
2 921 2 508 2 812 1
2 549 0 836 1 629 1
1 129 1 759 0 177 0
2 681 3 23 2 833 1
1 464 0 658 3 137 2
1 603 2 240 3 236 1
2 263 3 136 1 780 0
1 261 0 793 0 858 2
2 353 2 203 1 582 2
1 782 0 774 0 197 3
2 648 3 949 1 112 2
1 406 0 981 0 71 0
2 846 1 53 0 284 3
2 273 3 227 2 977 2
1 916 0 843 0 542 3
1 588 0 444 1 783 0
1 197 2 712 2 191 3
1 898 0 880 3 308 1
1 91 3 338 0 233 0
1 434 1 969 0 759 0
2 921 2 508 2 812 1
2 549 0 836 1 629 1
1 129 1 759 0 177 0
2 681 3 23 2 833 1
1 464 0 658 3 137 2
1 603 2 240 3 236 1
2 263 3 136 1 780 0
1 261 0 793 0 858 2
2 353 2 203 1 582 2
1 782 0 774 0 197 3
2 648 3 949 1 112 2
1 406 0 981 0 71 0
2 846 1 53 0 284 3
2 273 3 227 2 977 2
1 916 0 843 0 542 3
1 588 0 444 1 783 0
1 197 2 712 2 191 3
1 898 0 880 3 308 1
1 91 3 338 0 233 0
1 434 1 969 0 759 0
2 921 2 508 2 812 1
2 549 0 836 1 629 1
1 129 1 759 0 177 0
2 681 3 23 2 833 1
1 464 0 658 3 137 2
1 603 2 240 3 236 1
2 263 3 136 1 780 0
1 261 0 793 0 858 2
2 353 2 203 1 582 2
1 782 0 774 0 197 3
2 648 3 949 1 112 2
1 406 0 981 0 71 0
2 846 1 53 0 284 3
2 273 3 227 2 977 2
1 916 0 843 0 542 3
1 588 0 444 1 783 0
1 197 2 712 2 191 3
1 898 0 880 3 308 1
1 91 3 338 0 233 0
1 434 1 969 0 759 0
2 921 2 508 2 812 1
2 549 0 836 1 629 1
1 129 1 759 0 177 0
2 681 3 23 2 833 1
1 464 0 658 3 137 2
1 603 2 240 3 236 1
2 263 3 136 1 780 0
1 261 0 793 0 858 2
2 353 2 203 1 582 2
1 782 0 774 0 197 3
2 648 3 949 1 112 2
1 406 0 981 0 71 0
2 846 1 53 0 284 3
2 273 3 227 2 977 2
1 916 0 843 0 542 3
1 588 0 444 1 783 0
1 197 2 712 2 191 3
1 898 0 880 3 308 1
1 91 3 338 0 233 0
1 434 1 969 0 759 0
2 921 2 508 2 812 1
2 549 0 836 1 629 1
1 129 1 759 0 177 0
2 681 3 23 2 833 1
1 464 0 658 3 137 2
1 603 2 240 3 236 1
2 263 3 136 1 780 0
1 261 0 793 0 858 2
2 353 2 203 1 582 2
1 782 0 774 0 197 3
2 648 3 949 1 112 2
1 406 0 981 0 71 0
2 846 1 53 0 284 3
2 273 3 227 2 977 2
1 916 0 843 0 542 3
1 588 0 444 1 783 0
1 197 2 712 2 191 3
1 898 0 880 3 308 1
1 91 3 338 0 233 0
1 434 1 969 0 759 0
2 921 2 508 2 812 1
2 549 0 836 1 629 1
1 129 1 759 0 177 0
2 681 3 23 2 833 1
1 464 0 658 3 137 2
1 603 2 240 3 236 1
2 263 3 136 1 780 0
1 261 0 793 0 858 2
2 353 2 203 1 582 2
1 782 0 774 0 197 3
2 648 3 949 1 112 2
1 406 0 981 0 71 0
2 846 1 53 0 284 3
2 273 3 227 2 977 2
1 916 0 843 0 542 3
1 588 0 444 1 783 0
1 197 2 712 2 191 3
1 898 0 880 3 308 1
1 91 3 338 0 233 0
1 434 1 969 0 759 0
2 921 2 508 2 812 1
2 549 0 836 1 629 1
1 129 1 759 0 177 0
2 681 3 23 2 833 1
1 464 0 658 3 137 2
1 603 2 240 3 236 1
2 263 3 136 1 780 0
1 261 0 793 0 858 2
2 353 2 203 1 582 2
1 782 0 774 0 197 3
2 648 3 949 1 112 2
1 406 0 981 0 71 0
2 846 1 53 0 284 3
2 273 3 227 2 977 2
1 916 0 843 0 542 3
1 588 0 444 1 783 0
1 197 2 712 2 191 3
1 898 0 880 3 308 1
1 91 3 338 0 233 0
1 434 1 969 0 759 0
2 921 2 508 2 812 1
2 549 0 836 1 629 1
1 129 1 759 0 177 0
2 681 3 23 2 833 1
1 464 0 658 3 137 2
1 603 2 240 3 236 1
2 263 3 136 1 780 0
1 261 0 793 0 858 2
2 353 2 203 1 582 2
1 782 0 774 0 197 3
2 648 3 949 1 112 2
1 406 0 981 0 71 0
2 846 1 53 0 284 3
2 273 3 227 2 977 2
1 916 0 843 0 542 3
1 588 0 444 1 783 0
1 197 2 712 2 191 3
1 898 0 880 3 308 1
1 91 3 338 0 233 0
1 434 1 969 0 759 0
2 921 2 508 2 812 1
2 549 0 836 1 629 1
1 129 1 759 0 177 0
2 681 3 23 2 833 1
1 464 0 658 3 137 2
1 603 2 240 3 236 1
2 263 3 136 1 780 0
1 261 0 793 0 858 2
2 353 2 203 1 582 2
1 782 0 774 0 197 3
2 648 3 949 1 112 2
1 406 0 981 0 71 0
2 846 1 53 0 284 3
2 273 3 227 2 977 2
1 916 0 843 0 542 3
1 588 0 444 1 783 0
1 197 2 712 2 191 3
1 898 0 880 3 308 1
1 91 3 338 0 233 0
1 434 1 969 0 759 0
2 921 2 508 2 812 1
2 549 0 836 1 629 1
1 129 1 759 0 177 0
2 681 3 23 2 833 1
1 464 0 658 3 137 2
1 603 2 240 3 236 1
2 263 3 136 1 780 0
1 261 0 793 0 858 2
2 353 2 203 1 582 2
1 782 0 774 0 197 3
2 648 3 949 1 112 2
1 406 0 981 0 71 0
2 846 1 53 0 284 3
2 273 3 227 2 977 2
1 916 0 843 0 542 3
1 588 0 444 1 783 0
1 197 2 712 2 191 3
1 898 0 880 3 308 1
1 91 3 338 0 233 0
1 434 1 969 0 759 0
2 921 2 508 2 812 1
2 549 0 836 1 629 1
1 129 1 759 0 177 0
2 681 3 23 2 833 1
1 464 0 658 3 137 2
1 603 2 240 3 236 1
2 263 3 136 1 780 0
1 261 0 793 0 858 2
2 353 2 203 1 582 2
1 782 0 774 0 197 3
2 648 3 949 1 112 2
1 406 0 981 0 71 0
2 846 1 53 0 284 3
2 273 3 227 2 977 2
1 916 0 843 0 542 3
1 588 0 444 1 783 0
1 197 2 712 2 191 3
1 898 0 880 3 308 1
1 91 3 338 0 233 0
1 434 1 969 0 759 0
2 921 2 508 2 812 1
2 549 0 836 1 629 1
1 129 1 759 0 177 0
2 681 3 23 2 833 1
1 464 0 658 3 137 2
1 603 2 240 3 236 1
2 263 3 136 1 780 0
1 261 0 793 0 858 2
2 353 2 203 1 582 2
1 782 0 774 0 197 3
2 648 3 949 1 112 2
1 406 0 981 0 71 0
2 846 1 53 0 284 3
2 273 3 227 2 977 2
1 916 0 843 0 542 3
1 588 0 444 1 783 0
1 197 2 712 2 191 3
1 898 0 880 3 308 1
1 91 3 338 0 233 0
1 434 1 969 0 759 0
2 921 2 508 2 812 1
2 549 0 836 1 629 1
1 129 1 759 0 177 0
2 681 3 23 2 833 1
1 464 0 658 3 137 2
1 603 2 240 3 236 1
2 263 3 136 1 780 0
1 261 0 793 0 858 2
2 353 2 203 1 582 2
1 782 0 774 0 197 3
2 648 3 949 1 112 2
1 406 0 981 0 71 0
2 846 1 53 0 284 3
2 273 3 227 2 977 2
1 916 0 843 0 542 3
1 588 0 444 1 783 0
1 197 2 712 2 191 3
1 898 0 880 3 308 1
1 91 3 338 0 233 0
1 434 1 969 0 759 0
2 921 2 508 2 812 1
2 549 0 836 1 629 1
1 129 1 759 0 177 0
2 681 3 23 2 833 1
1 464 0 658 3 137 2
1 603 2 240 3 236 1
2 263 3 136 1 780 0
1 261 0 793 0 858 2
2 353 2 203 1 582 2
1 782 0 774 0 197 3
2 648 3 949 1 112 2
1 406 0 981 0 71 0
2 846 1 53 0 284 3
2 273 3 227 2 977 2
1 916 0 843 0 542 3
1 588 0 444 1 783 0
1 197 2 712 2 191 3
1 898 0 880 3 308 1
1 91 3 338 0 233 0
1 434 1 969 0 759 0
2 921 2 508 2 812 1
2 549 0 836 1 629 1
1 129 1 759 0 177 0
2 681 3 23 2 833 1
1 464 0 658 3 137 2
1 603 2 240 3 236 1
2 263 3 136 1 780 0
1 261 0 793 0 858 2
2 353 2 203 1 582 2
1 782 0 774 0 197 3
2 648 3 949 1 112 2
1 406 0 981 0 71 0
2 846 1 53 0 284 3
2 273 3 227 2 977 2
1 916 0 843 0 542 3
1 588 0 444 1 783 0
1 197 2 712 2 191 3
1 898 0 880 3 308 1
1 91 3 338 0 233 0
1 434 1 969 0 759 0
2 921 2 508 2 812 1
2 549 0 836 1 629 1
1 129 1 759 0 177 0
2 681 3 23 2 833 1
1 464 0 658 3 137 2
1 603 2 240 3 236 1
2 263 3 136 1 780 0
1 261 0 793 0 858 2
2 353 2 203 1 582 2
1 782 0 774 0 197 3
2 648 3 949 1 112 2
1 406 0 981 0 71 0
2 846 1 53 0 284 3
2 273 3 227 2 977 2
1 916 0 843 0 542 3
1 588 0 444 1 783 0
1 197 2 712 2 191 3
1 898 0 880 3 308 1
1 91 3 338 0 233 0
1 434 1 969 0 759 0
2 921 2 508 2 812 1
2 549 0 836 1 629 1
1 129 1 759 0 177 0
2 681 3 23 2 833 1
1 464 0 658 3 137 2
1 603 2 240 3 236 1
2 263 3 136 1 780 0
1 261 0 793 0 858 2
2 353 2 203 1 582 2
1 782 0 774 0 197 3
2 648 3 949 1 112 2
1 406 0 981 0 71 0
2 846 1 53 0 284 3
2 273 3 227 2 977 2
1 916 0 843 0 542 3
1 588 0 444 1 783 0
1 197 2 712 2 191 3
1 898 0 880 3 308 1
1 91 3 338 0 233 0
1 434 1 969 0 759 0
2 921 2 508 2 812 1
2 549 0 836 1 629 1
1 129 1 759 0 177 0
2 681 3 23 2 833 1
1 464 0 658 3 137 2
1 603 2 240 3 236 1
2 263 3 136 1 780 0
1 261 0 793 0 858 2
2 353 2 203 1 582 2
1 782 0 774 0 197 3
2 648 3 949 1 112 2
1 406 0 981 0 71 0
2 846 1 53 0 284 3
2 273 3 227 2 977 2
1 916 0 843 0 542 3
1 588 0 444 1 783 0
1 197 2 712 2 191 3
1 898 0 880 3 308 1
1 91 3 338 0 233 0
1 434 1 969 0 759 0
2 921 2 508 2 812 1
2 549 0 836 1 629 1
1 129 1 759 0 177 0
2 681 3 23 2 833 1
1 464 0 658 3 137 2
1 603 2 240 3 236 1
2 263 3 136 1 780 0
1 261 0 793 0 858 2
2 353 2 203 1 582 2
1 782 0 774 0 197 3
2 648 3 949 1 112 2
1 406 0 981 0 71 0
2 846 1 53 0 284 3
2 273 3 227 2 977 2
1 916 0 843 0 542 3
1 588 0 444 1 783 0
1 197 2 712 2 191 3
1 898 0 880 3 308 1
1 91 3 338 0 233 0
1 434 1 969 0 759 0
2 921 2 508 2 812 1
2 549 0 836 1 629 1
1 129 1 759 0 177 0
2 681 3 23 2 833 1
1 464 0 658 3 137 2
1 603 2 240 3 236 1
2 263 3 136 1 780 0
1 261 0 793 0 858 2
2 353 2 203 1 582 2
1 782 0 774 0 197 3
2 648 3 949 1 112 2
1 406 0 981 0 71 0
2 846 1 53 0 284 3
2 273 3 227 2 977 2
1 916 0 843 0 542 3
1 588 0 444 1 783 0
1 197 2 712 2 191 3
1 898 0 880 3 308 1
1 91 3 338 0 233 0
1 434 1 969 0 759 0
2 921 2 508 2 812 1
2 549 0 836 1 629 1
1 129 1 759 0 177 0
2 681 3 23 2 833 1
1 464 0 658 3 137 2
1 603 2 240 3 236 1
2 263 3 136 1 780 0
1 261 0 793 0 858 2
2 353 2 203 1 582 2
1 782 0 774 0 197 3
2 648 3 949 1 112 2
1 406 0 981 0 71 0
2 846 1 53 0 284 3
2 273 3 227 2 977 2
1 916 0 843 0 542 3
1 588 0 444 1 783 0
1 197 2 712 2 191 3
1 898 0 880 3 308 1
1 91 3 338 0 233 0
1 434 1 969 0 759 0
2 921 2 508 2 812 1
2 549 0 836 1 629 1
1 129 1 759 0 177 0
2 681 3 23 2 833 1
1 464 0 658 3 137 2
1 603 2 240 3 236 1
2 263 3 136 1 780 0
1 261 0 793 0 858 2
2 353 2 203 1 582 2
1 782 0 774 0 197 3
2 648 3 949 1 112 2
1 406 0 981 0 71 0
2 846 1 53 0 284 3
2 273 3 227 2 977 2
1 916 0 843 0 542 3
1 588 0 444 1 783 0
1 197 2 712 2 191 3
1 898 0 880 3 308 1
1 91 3 338 0 233 0
1 434 1 969 0 759 0
2 921 2 508 2 812 1
2 549 0 836 1 629 1
1 129 1 759 0 177 0
2 681 3 23 2 833 1
1 464 0 658 3 137 2
1 603 2 240 3 236 1
2 263 3 136 1 780 0
1 261 0 793 0 858 2
2 353 2 203 1 582 2
1 782 0 774 0 197 3
2 648 3 949 1 112 2
1 406 0 981 0 71 0
2 846 1 53 0 284 3
2 273 3 227 2 977 2
1 916 0 843 0 542 3
1 588 0 444 1 783 0
1 197 2 712 2 191 3
1 898 0 880 3 308 1
1 91 3 338 0 233 0
1 434 1 969 0 759 0
2 921 2 508 2 812 1
2 549 0 836 1 629 1
1 129 1 759 0 177 0
2 681 3 23 2 833 1
1 464 0 658 3 137 2
1 603 2 240 3 236 1
2 263 3 136 1 780 0
1 261 0 793 0 858 2
2 353 2 203 1 582 2
1 782 0 774 0 197 3
2 648 3 949 1 112 2
1 406 0 981 0 71 0
2 846 1 53 0 284 3
2 273 3 227 2 977 2
1 916 0 843 0 542 3
1 588 0 444 1 783 0
1 197 2 712 2 191 3
1 898 0 880 3 308 1
1 91 3 338 0 233 0
1 434 1 969 0 759 0
2 921 2 508 2 812 1
2 549 0 836 1 629 1
1 129 1 759 0 177 0
2 681 3 23 2 833 1
1 464 0 658 3 137 2
1 603 2 240 3 236 1
2 263 3 136 1 780 0
1 261 0 793 0 858 2
2 353 2 203 1 582 2
1 782 0 774 0 197 3
2 648 3 949 1 112 2
1 406 0 981 0 71 0
2 846 1 53 0 284 3
2 273 3 227 2 977 2
1 916 0 843 0 542 3
1 588 0 444 1 783 0
1 197 2 712 2 191 3
1 898 0 880 3 308 1
1 91 3 338 0 233 0
1 434 1 969 0 759 0
2 921 2 508 2 812 1
2 549 0 836 1 629 1
1 129 1 759 0 177 0
2 681 3 23 2 833 1
1 464 0 658 3 137 2
1 603 2 240 3 236 1
2 263 3 136 1 780 0
1 261 0 793 0 858 2
2 353 2 203 1 582 2
1 782 0 774 0 197 3
2 648 3 949 1 112 2
1 406 0 981 0 71 0
2 846 1 53 0 284 3
2 273 3 227 2 977 2
1 916 0 843 0 542 3
1 588 0 444 1 783 0
1 197 2 712 2 191 3
1 898 0 880 3 308 1
1 91 3 338 0 233 0
1 434 1 969 0 759 0
2 921 2 508 2 812 1
2 549 0 836 1 629 1
1 129 1 759 0 177 0
2 681 3 23 2 833 1
1 464 0 658 3 137 2
1 603 2 240 3 236 1
2 263 3 136 1 780 0
1 261 0 793 0 858 2
2 353 2 203 1 582 2
1 782 0 774 0 197 3
2 648 3 949 1 112 2
1 406 0 981 0 71 0
2 846 1 53 0 284 3
2 273 3 227 2 977 2
1 916 0 843 0 542 3
1 588 0 444 1 783 0
1 197 2 712 2 191 3
1 898 0 880 3 308 1
1 91 3 338 0 233 0
1 434 1 969 0 759 0
2 921 2 508 2 812 1
2 549 0 836 1 629 1
1 129 1 759 0 177 0
2 681 3 23 2 833 1
1 464 0 658 3 137 2
1 603 2 240 3 236 1
2 263 3 136 1 780 0
1 261 0 793 0 858 2
2 353 2 203 1 582 2
1 782 0 774 0 197 3
2 648 3 949 1 112 2
1 406 0 981 0 71 0
2 846 1 53 0 284 3
2 273 3 227 2 977 2
1 916 0 843 0 542 3
1 588 0 444 1 783 0
1 197 2 712 2 191 3
1 898 0 880 3 308 1
1 91 3 338 0 233 0
1 434 1 969 0 759 0
2 921 2 508 2 812 1
2 549 0 836 1 629 1
1 129 1 759 0 177 0
2 681 3 23 2 833 1
1 464 0 658 3 137 2
1 603 2 240 3 236 1
2 263 3 136 1 780 0
1 261 0 793 0 858 2
2 353 2 203 1 582 2
1 782 0 774 0 197 3
2 648 3 949 1 112 2
1 406 0 981 0 71 0
2 846 1 53 0 284 3
2 273 3 227 2 977 2
1 916 0 843 0 542 3
1 588 0 444 1 783 0
1 197 2 712 2 191 3
1 898 0 880 3 308 1
1 91 3 338 0 233 0
1 434 1 969 0 759 0
2 921 2 508 2 812 1
2 549 0 836 1 629 1
1 129 1 759 0 177 0
2 681 3 23 2 833 1
1 464 0 658 3 137 2
1 603 2 240 3 236 1
2 263 3 136 1 780 0
1 261 0 793 0 858 2
2 353 2 203 1 582 2
1 782 0 774 0 197 3
2 648 3 949 1 112 2
1 406 0 981 0 71 0
2 846 1 53 0 284 3
2 273 3 227 2 977 2
1 916 0 843 0 542 3
1 588 0 444 1 783 0
1 197 2 712 2 191 3
1 898 0 880 3 308 1
1 91 3 338 0 233 0
1 434 1 969 0 759 0
2 921 2 508 2 812 1
2 549 0 836 1 629 1
1 129 1 759 0 177 0
2 681 3 23 2 833 1
1 464 0 658 3 137 2
1 603 2 240 3 236 1
2 263 3 136 1 780 0
1 261 0 793 0 858 2
2 353 2 203 1 582 2
1 782 0 774 0 197 3
2 648 3 949 1 112 2
1 406 0 981 0 71 0
2 846 1 53 0 284 3
2 273 3 227 2 977 2
1 916 0 843 0 542 3
1 588 0 444 1 783 0
1 197 2 712 2 191 3
1 898 0 880 3 308 1
1 91 3 338 0 233 0
1 434 1 969 0 759 0
2 921 2 508 2 812 1
2 549 0 836 1 629 1
1 129 1 759 0 177 0
2 681 3 23 2 833 1
1 464 0 658 3 137 2
1 603 2 240 3 236 1
2 263 3 136 1 780 0
1 261 0 793 0 858 2
2 353 2 203 1 582 2
1 782 0 774 0 197 3
2 648 3 949 1 112 2
1 406 0 981 0 71 0
2 846 1 53 0 284 3
2 273 3 227 2 977 2
1 916 0 843 0 542 3
1 588 0 444 1 783 0
1 197 2 712 2 191 3
1 898 0 880 3 308 1
1 91 3 338 0 233 0
1 434 1 969 0 759 0
2 921 2 508 2 812 1
2 549 0 836 1 629 1
1 129 1 759 0 177 0
2 681 3 23 2 833 1
1 464 0 658 3 137 2
1 603 2 240 3 236 1
2 263 3 136 1 780 0
1 261 0 793 0 858 2
2 353 2 203 1 582 2
1 782 0 774 0 197 3
2 648 3 949 1 112 2
1 406 0 981 0 71 0
2 846 1 53 0 284 3
2 273 3 227 2 977 2
1 916 0 843 0 542 3
1 588 0 444 1 783 0
1 197 2 712 2 191 3
1 898 0 880 3 308 1
1 91 3 338 0 233 0
1 434 1 969 0 759 0
2 921 2 508 2 812 1
2 549 0 836 1 629 1
1 129 1 759 0 177 0
2 681 3 23 2 833 1
1 464 0 658 3 137 2
1 603 2 240 3 236 1
2 263 3 136 1 780 0
1 261 0 793 0 858 2
2 353 2 203 1 582 2
1 782 0 774 0 197 3
2 648 3 949 1 112 2
1 406 0 981 0 71 0
2 846 1 53 0 284 3
2 273 3 227 2 977 2
1 916 0 843 0 542 3
1 588 0 444 1 783 0
1 197 2 712 2 191 3
1 898 0 880 3 308 1
1 91 3 338 0 233 0
1 434 1 969 0 759 0
2 921 2 508 2 812 1
2 549 0 836 1 629 1
1 129 1 759 0 177 0
2 681 3 23 2 833 1
1 464 0 658 3 137 2
1 603 2 240 3 236 1
2 263 3 136 1 780 0
1 261 0 793 0 858 2
2 353 2 203 1 582 2
1 782 0 774 0 197 3
2 648 3 949 1 112 2
1 406 0 981 0 71 0
2 846 1 53 0 284 3
2 273 3 227 2 977 2
1 916 0 843 0 542 3
1 588 0 444 1 783 0
1 197 2 712 2 191 3
1 898 0 880 3 308 1
1 91 3 338 0 233 0
1 434 1 969 0 759 0
2 921 2 508 2 812 1
2 549 0 836 1 629 1
1 129 1 759 0 177 0
2 681 3 23 2 833 1
1 464 0 658 3 137 2
1 603 2 240 3 236 1
2 263 3 136 1 780 0
1 261 0 793 0 858 2
2 353 2 203 1 582 2
1 782 0 774 0 197 3
2 648 3 949 1 112 2
1 406 0 981 0 71 0
2 846 1 53 0 284 3
2 273 3 227 2 977 2
1 916 0 843 0 542 3
1 588 0 444 1 783 0
1 197 2 712 2 191 3
1 898 0 880 3 308 1
1 91 3 338 0 233 0
1 434 1 969 0 759 0
2 921 2 508 2 812 1
2 549 0 836 1 629 1
1 129 1 759 0 177 0
2 681 3 23 2 833 1
1 464 0 658 3 137 2
1 603 2 240 3 236 1
2 263 3 136 1 780 0
1 261 0 793 0 858 2
2 353 2 203 1 582 2
1 782 0 774 0 197 3
2 648 3 949 1 112 2
1 406 0 981 0 71 0
2 846 1 53 0 284 3
2 273 3 227 2 977 2
1 916 0 843 0 542 3
1 588 0 444 1 783 0
1 197 2 712 2 191 3
1 898 0 880 3 308 1
1 91 3 338 0 233 0
1 434 1 969 0 759 0
2 921 2 508 2 812 1
2 549 0 836 1 629 1
1 129 1 759 0 177 0
2 681 3 23 2 833 1
1 464 0 658 3 137 2
1 603 2 240 3 236 1
2 263 3 136 1 780 0
1 261 0 793 0 858 2
2 353 2 203 1 582 2
1 782 0 774 0 197 3
2 648 3 949 1 112 2
1 406 0 981 0 71 0
2 846 1 53 0 284 3
2 273 3 227 2 977 2
1 916 0 843 0 542 3
1 588 0 444 1 783 0
1 197 2 712 2 191 3
1 898 0 880 3 308 1
1 91 3 338 0 233 0
1 434 1 969 0 759 0
2 921 2 508 2 812 1
2 549 0 836 1 629 1
1 129 1 759 0 177 0
2 681 3 23 2 833 1
1 464 0 658 3 137 2
1 603 2 240 3 236 1
2 263 3 136 1 780 0
1 261 0 793 0 858 2
2 353 2 203 1 582 2
1 782 0 774 0 197 3
2 648 3 949 1 112 2
1 406 0 981 0 71 0
2 846 1 53 0 284 3
2 273 3 227 2 977 2
1 916 0 843 0 542 3
1 588 0 444 1 783 0
1 197 2 712 2 191 3
1 898 0 880 3 308 1
1 91 3 338 0 233 0
1 434 1 969 0 759 0
2 921 2 508 2 812 1
2 549 0 836 1 629 1
1 129 1 759 0 177 0
2 681 3 23 2 833 1
1 464 0 658 3 137 2
1 603 2 240 3 236 1
2 263 3 136 1 780 0
1 261 0 793 0 858 2
2 353 2 203 1 582 2
1 782 0 774 0 197 3
2 648 3 949 1 112 2
1 406 0 981 0 71 0
2 846 1 53 0 284 3
2 273 3 227 2 977 2
1 916 0 843 0 542 3
1 588 0 444 1 783 0
1 197 2 712 2 191 3
1 898 0 880 3 308 1
1 91 3 338 0 233 0
1 434 1 969 0 759 0
2 921 2 508 2 812 1
2 549 0 836 1 629 1
1 129 1 759 0 177 0
2 681 3 23 2 833 1
1 464 0 658 3 137 2
1 603 2 240 3 236 1
2 263 3 136 1 780 0
1 261 0 793 0 858 2
2 353 2 203 1 582 2
1 782 0 774 0 197 3
2 648 3 949 1 112 2
1 406 0 981 0 71 0
2 846 1 53 0 284 3
2 273 3 227 2 977 2
1 916 0 843 0 542 3
1 588 0 444 1 783 0
1 197 2 712 2 191 3
1 898 0 880 3 308 1
1 91 3 338 0 233 0
1 434 1 969 0 759 0
2 921 2 508 2 812 1
2 549 0 836 1 629 1
1 129 1 759 0 177 0
2 681 3 23 2 833 1
1 464 0 658 3 137 2
1 603 2 240 3 236 1
2 263 3 136 1 780 0
1 261 0 793 0 858 2
2 353 2 203 1 582 2
1 782 0 774 0 197 3
2 648 3 949 1 112 2
1 406 0 981 0 71 0
2 846 1 53 0 284 3
2 273 3 227 2 977 2
1 916 0 843 0 542 3
1 588 0 444 1 783 0
1 197 2 712 2 191 3
1 898 0 880 3 308 1
1 91 3 338 0 233 0
1 434 1 969 0 759 0
2 921 2 508 2 812 1
2 549 0 836 1 629 1
1 129 1 759 0 177 0
2 681 3 23 2 833 1
1 464 0 658 3 137 2
1 603 2 240 3 236 1
2 263 3 136 1 780 0
1 261 0 793 0 858 2
2 353 2 203 1 582 2
1 782 0 774 0 197 3
2 648 3 949 1 112 2
1 406 0 981 0 71 0
2 846 1 53 0 284 3
2 273 3 227 2 977 2
1 916 0 843 0 542 3
1 588 0 444 1 783 0
1 197 2 712 2 191 3
1 898 0 880 3 308 1
1 91 3 338 0 233 0
1 434 1 969 0 759 0
2 921 2 508 2 812 1
2 549 0 836 1 629 1
1 129 1 759 0 177 0
2 681 3 23 2 833 1
1 464 0 658 3 137 2
1 603 2 240 3 236 1
2 263 3 136 1 780 0
1 261 0 793 0 858 2
2 353 2 203 1 582 2
1 782 0 774 0 197 3
2 648 3 949 1 112 2
1 406 0 981 0 71 0
2 846 1 53 0 284 3
2 273 3 227 2 977 2
1 916 0 843 0 542 3
1 588 0 444 1 783 0
1 197 2 712 2 191 3
1 898 0 880 3 308 1
1 91 3 338 0 233 0
1 434 1 969 0 759 0
2 921 2 508 2 812 1
2 549 0 836 1 629 1
1 129 1 759 0 177 0
2 681 3 23 2 833 1
1 464 0 658 3 137 2
1 603 2 240 3 236 1
2 263 3 136 1 780 0
1 261 0 793 0 858 2
2 353 2 203 1 582 2
1 782 0 774 0 197 3
2 648 3 949 1 112 2
1 406 0 981 0 71 0
2 846 1 53 0 284 3
2 273 3 227 2 977 2
1 916 0 843 0 542 3
1 588 0 444 1 783 0
1 197 2 712 2 191 3
1 898 0 880 3 308 1
1 91 3 338 0 233 0
1 434 1 969 0 759 0
2 921 2 508 2 812 1
2 549 0 836 1 629 1
1 129 1 759 0 177 0
2 681 3 23 2 833 1
1 464 0 658 3 137 2
1 603 2 240 3 236 1
2 263 3 136 1 780 0
1 261 0 793 0 858 2
2 353 2 203 1 582 2
1 782 0 774 0 197 3
2 648 3 949 1 112 2
1 406 0 981 0 71 0
2 846 1 53 0 284 3
2 273 3 227 2 977 2
1 916 0 843 0 542 3
1 588 0 444 1 783 0
1 197 2 712 2 191 3
1 898 0 880 3 308 1
1 91 3 338 0 233 0
1 434 1 969 0 759 0
2 921 2 508 2 812 1
2 549 0 836 1 629 1
1 129 1 759 0 177 0
2 681 3 23 2 833 1
1 464 0 658 3 137 2
1 603 2 240 3 236 1
2 263 3 136 1 780 0
1 261 0 793 0 858 2
2 353 2 203 1 582 2
1 782 0 774 0 197 3
2 648 3 949 1 112 2
1 406 0 981 0 71 0
2 846 1 53 0 284 3
2 273 3 227 2 977 2
1 916 0 843 0 542 3
1 588 0 444 1 783 0
1 197 2 712 2 191 3
1 898 0 880 3 308 1
1 91 3 338 0 233 0
1 434 1 969 0 759 0
2 921 2 508 2 812 1
2 549 0 836 1 629 1
1 129 1 759 0 177 0
2 681 3 23 2 833 1
1 464 0 658 3 137 2
1 603 2 240 3 236 1
2 263 3 136 1 780 0
1 261 0 793 0 858 2
2 353 2 203 1 582 2
1 782 0 774 0 197 3
2 648 3 949 1 112 2
1 406 0 981 0 71 0
2 846 1 53 0 284 3
2 273 3 227 2 977 2
1 916 0 843 0 542 3
1 588 0 444 1 783 0
1 197 2 712 2 191 3
1 898 0 880 3 308 1
1 91 3 338 0 233 0
1 434 1 969 0 759 0
2 921 2 508 2 812 1
2 549 0 836 1 629 1
1 129 1 759 0 177 0
2 681 3 23 2 833 1
1 464 0 658 3 137 2
1 603 2 240 3 236 1
2 263 3 136 1 780 0
1 261 0 793 0 858 2
2 353 2 203 1 582 2
1 782 0 774 0 197 3
2 648 3 949 1 112 2
1 406 0 981 0 71 0
2 846 1 53 0 284 3
2 273 3 227 2 977 2
1 916 0 843 0 542 3
1 588 0 444 1 783 0
1 197 2 712 2 191 3
1 898 0 880 3 308 1
1 91 3 338 0 233 0
1 434 1 969 0 759 0
2 921 2 508 2 812 1
2 549 0 836 1 629 1
1 129 1 759 0 177 0
2 681 3 23 2 833 1
1 464 0 658 3 137 2
1 603 2 240 3 236 1
2 263 3 136 1 780 0
1 261 0 793 0 858 2
2 353 2 203 1 582 2
1 782 0 774 0 197 3
2 648 3 949 1 112 2
1 406 0 981 0 71 0
2 846 1 53 0 284 3
2 273 3 227 2 977 2
1 916 0 843 0 542 3
1 588 0 444 1 783 0
1 197 2 712 2 191 3
1 898 0 880 3 308 1
1 91 3 338 0 233 0
1 434 1 969 0 759 0
2 921 2 508 2 812 1
2 549 0 836 1 629 1
1 129 1 759 0 177 0
2 681 3 23 2 833 1
1 464 0 658 3 137 2
1 603 2 240 3 236 1
2 263 3 136 1 780 0
1 261 0 793 0 858 2
2 353 2 203 1 582 2
1 782 0 774 0 197 3
2 648 3 949 1 112 2
1 406 0 981 0 71 0
2 846 1 53 0 284 3
2 273 3 227 2 977 2
1 916 0 843 0 542 3
1 588 0 444 1 783 0
1 197 2 712 2 191 3
1 898 0 880 3 308 1
1 91 3 338 0 233 0
1 434 1 969 0 759 0
2 921 2 508 2 812 1
2 549 0 836 1 629 1
1 129 1 759 0 177 0
2 681 3 23 2 833 1
1 464 0 658 3 137 2
1 603 2 240 3 236 1
2 263 3 136 1 780 0
1 261 0 793 0 858 2
2 353 2 203 1 582 2
1 782 0 774 0 197 3
2 648 3 949 1 112 2
1 406 0 981 0 71 0
2 846 1 53 0 284 3
2 273 3 227 2 977 2
1 916 0 843 0 542 3
1 588 0 444 1 783 0
1 197 2 712 2 191 3
1 898 0 880 3 308 1
1 91 3 338 0 233 0
1 434 1 969 0 759 0
2 921 2 508 2 812 1
2 549 0 836 1 629 1
1 129 1 759 0 177 0
2 681 3 23 2 833 1
1 464 0 658 3 137 2
1 603 2 240 3 236 1
2 263 3 136 1 780 0
1 261 0 793 0 858 2
2 353 2 203 1 582 2
1 782 0 774 0 197 3
2 648 3 949 1 112 2
1 406 0 981 0 71 0
2 846 1 53 0 284 3
2 273 3 227 2 977 2
1 916 0 843 0 542 3
1 588 0 444 1 783 0
1 197 2 712 2 191 3
1 898 0 880 3 308 1
1 91 3 338 0 233 0
1 434 1 969 0 759 0
2 921 2 508 2 812 1
2 549 0 836 1 629 1
1 129 1 759 0 177 0
2 681 3 23 2 833 1
1 464 0 658 3 137 2
1 603 2 240 3 236 1
2 263 3 136 1 780 0
1 261 0 793 0 858 2
2 353 2 203 1 582 2
1 782 0 774 0 197 3
2 648 3 949 1 112 2
1 406 0 981 0 71 0
2 846 1 53 0 284 3
2 273 3 227 2 977 2
1 916 0 843 0 542 3
1 588 0 444 1 783 0
1 197 2 712 2 191 3
1 898 0 880 3 308 1
1 91 3 338 0 233 0
1 434 1 969 0 759 0
2 921 2 508 2 812 1
2 549 0 836 1 629 1
1 129 1 759 0 177 0
2 681 3 23 2 833 1
1 464 0 658 3 137 2
1 603 2 240 3 236 1
2 263 3 136 1 780 0
1 261 0 793 0 858 2
2 353 2 203 1 582 2
1 782 0 774 0 197 3
2 648 3 949 1 112 2
1 406 0 981 0 71 0
2 846 1 53 0 284 3
2 273 3 227 2 977 2
1 916 0 843 0 542 3
1 588 0 444 1 783 0
1 197 2 712 2 191 3
1 898 0 880 3 308 1
1 91 3 338 0 233 0
1 434 1 969 0 759 0
2 921 2 508 2 812 1
2 549 0 836 1 629 1
1 129 1 759 0 177 0
2 681 3 23 2 833 1
1 464 0 658 3 137 2
1 603 2 240 3 236 1
2 263 3 136 1 780 0
1 261 0 793 0 858 2
2 353 2 203 1 582 2
1 782 0 774 0 197 3
2 648 3 949 1 112 2
1 406 0 981 0 71 0
2 846 1 53 0 284 3
2 273 3 227 2 977 2
1 916 0 843 0 542 3
1 588 0 444 1 783 0
1 197 2 712 2 191 3
1 898 0 880 3 308 1
1 91 3 338 0 233 0
1 434 1 969 0 759 0
2 921 2 508 2 812 1
2 549 0 836 1 629 1
1 129 1 759 0 177 0
2 681 3 23 2 833 1
1 464 0 658 3 137 2
1 603 2 240 3 236 1
2 263 3 136 1 780 0
1 261 0 793 0 858 2
2 353 2 203 1 582 2
1 782 0 774 0 197 3
2 648 3 949 1 112 2
1 406 0 981 0 71 0
2 846 1 53 0 284 3
2 273 3 227 2 977 2
1 916 0 843 0 542 3
1 588 0 444 1 783 0
1 197 2 712 2 191 3
1 898 0 880 3 308 1
1 91 3 338 0 233 0
1 434 1 969 0 759 0
2 921 2 508 2 812 1
2 549 0 836 1 629 1
1 129 1 759 0 177 0
2 681 3 23 2 833 1
1 464 0 658 3 137 2
1 603 2 240 3 236 1
2 263 3 136 1 780 0
1 261 0 793 0 858 2
2 353 2 203 1 582 2
1 782 0 774 0 197 3
2 648 3 949 1 112 2
1 406 0 981 0 71 0
2 846 1 53 0 284 3
2 273 3 227 2 977 2
1 916 0 843 0 542 3
1 588 0 444 1 783 0
1 197 2 712 2 191 3
1 898 0 880 3 308 1
1 91 3 338 0 233 0
1 434 1 969 0 759 0
2 921 2 508 2 812 1
2 549 0 836 1 629 1
1 129 1 759 0 177 0
2 681 3 23 2 833 1
1 464 0 658 3 137 2
1 603 2 240 3 236 1
2 263 3 136 1 780 0
1 261 0 793 0 858 2
2 353 2 203 1 582 2
1 782 0 774 0 197 3
2 648 3 949 1 112 2
1 406 0 981 0 71 0
2 846 1 53 0 284 3
2 273 3 227 2 977 2
1 916 0 843 0 542 3
1 588 0 444 1 783 0
1 197 2 712 2 191 3
1 898 0 880 3 308 1
1 91 3 338 0 233 0
1 434 1 969 0 759 0
2 921 2 508 2 812 1
2 549 0 836 1 629 1
1 129 1 759 0 177 0
2 681 3 23 2 833 1
1 464 0 658 3 137 2
1 603 2 240 3 236 1
2 263 3 136 1 780 0
1 261 0 793 0 858 2
2 353 2 203 1 582 2
1 782 0 774 0 197 3
2 648 3 949 1 112 2
1 406 0 981 0 71 0
2 846 1 53 0 284 3
2 273 3 227 2 977 2
1 916 0 843 0 542 3
1 588 0 444 1 783 0
1 197 2 712 2 191 3
1 898 0 880 3 308 1
1 91 3 338 0 233 0
1 434 1 969 0 759 0
2 921 2 508 2 812 1
2 549 0 836 1 629 1
1 129 1 759 0 177 0
2 681 3 23 2 833 1
1 464 0 658 3 137 2
1 603 2 240 3 236 1
2 263 3 136 1 780 0
1 261 0 793 0 858 2
2 353 2 203 1 582 2
1 782 0 774 0 197 3
2 648 3 949 1 112 2
1 406 0 981 0 71 0
2 846 1 53 0 284 3
2 273 3 227 2 977 2
1 916 0 843 0 542 3
1 588 0 444 1 783 0
1 197 2 712 2 191 3
1 898 0 880 3 308 1
1 91 3 338 0 233 0
1 434 1 969 0 759 0
2 921 2 508 2 812 1
2 549 0 836 1 629 1
1 129 1 759 0 177 0
2 681 3 23 2 833 1
1 464 0 658 3 137 2
1 603 2 240 3 236 1
2 263 3 136 1 780 0
1 261 0 793 0 858 2
2 353 2 203 1 582 2
1 782 0 774 0 197 3
2 648 3 949 1 112 2
1 406 0 981 0 71 0
2 846 1 53 0 284 3
2 273 3 227 2 977 2
1 916 0 843 0 542 3
1 588 0 444 1 783 0
1 197 2 712 2 191 3
1 898 0 880 3 308 1
1 91 3 338 0 233 0
1 434 1 969 0 759 0
2 921 2 508 2 812 1
2 549 0 836 1 629 1
1 129 1 759 0 177 0
2 681 3 23 2 833 1
1 464 0 658 3 137 2
1 603 2 240 3 236 1
2 263 3 136 1 780 0
1 261 0 793 0 858 2
2 353 2 203 1 582 2
1 782 0 774 0 197 3
2 648 3 949 1 112 2
1 406 0 981 0 71 0
2 846 1 53 0 284 3
2 273 3 227 2 977 2
1 916 0 843 0 542 3
1 588 0 444 1 783 0
1 197 2 712 2 191 3
1 898 0 880 3 308 1
1 91 3 338 0 233 0
1 434 1 969 0 759 0
2 921 2 508 2 812 1
2 549 0 836 1 629 1
1 129 1 759 0 177 0
2 681 3 23 2 833 1
1 464 0 658 3 137 2
1 603 2 240 3 236 1
2 263 3 136 1 780 0
1 261 0 793 0 858 2
2 353 2 203 1 582 2
1 782 0 774 0 197 3
2 648 3 949 1 112 2
1 406 0 981 0 71 0
2 846 1 53 0 284 3
2 273 3 227 2 977 2
1 916 0 843 0 542 3
1 588 0 444 1 783 0
1 197 2 712 2 191 3
1 898 0 880 3 308 1
1 91 3 338 0 233 0
1 434 1 969 0 759 0
2 921 2 508 2 812 1
2 549 0 836 1 629 1
1 129 1 759 0 177 0
2 681 3 23 2 833 1
1 464 0 658 3 137 2
1 603 2 240 3 236 1
2 263 3 136 1 780 0
1 261 0 793 0 858 2
2 353 2 203 1 582 2
1 782 0 774 0 197 3
2 648 3 949 1 112 2
1 406 0 981 0 71 0
2 846 1 53 0 284 3
2 273 3 227 2 977 2
1 916 0 843 0 542 3
1 588 0 444 1 783 0
1 197 2 712 2 191 3
1 898 0 880 3 308 1
1 91 3 338 0 233 0
1 434 1 969 0 759 0
2 921 2 508 2 812 1
2 549 0 836 1 629 1
1 129 1 759 0 177 0
2 681 3 23 2 833 1
1 464 0 658 3 137 2
1 603 2 240 3 236 1
2 263 3 136 1 780 0
1 261 0 793 0 858 2
2 353 2 203 1 582 2
1 782 0 774 0 197 3
2 648 3 949 1 112 2
1 406 0 981 0 71 0
2 846 1 53 0 284 3
2 273 3 227 2 977 2
1 916 0 843 0 542 3
1 588 0 444 1 783 0
1 197 2 712 2 191 3
1 898 0 880 3 308 1
1 91 3 338 0 233 0
1 434 1 969 0 759 0
2 921 2 508 2 812 1
2 549 0 836 1 629 1
1 129 1 759 0 177 0
2 681 3 23 2 833 1
1 464 0 658 3 137 2
1 603 2 240 3 236 1
2 263 3 136 1 780 0
1 261 0 793 0 858 2
2 353 2 203 1 582 2
1 782 0 774 0 197 3
2 648 3 949 1 112 2
1 406 0 981 0 71 0
2 846 1 53 0 284 3
2 273 3 227 2 977 2
1 916 0 843 0 542 3
1 588 0 444 1 783 0
1 197 2 712 2 191 3
1 898 0 880 3 308 1
1 91 3 338 0 233 0
1 434 1 969 0 759 0
2 921 2 508 2 812 1
2 549 0 836 1 629 1
1 129 1 759 0 177 0
2 681 3 23 2 833 1
1 464 0 658 3 137 2
1 603 2 240 3 236 1
2 263 3 136 1 780 0
1 261 0 793 0 858 2
2 353 2 203 1 582 2
1 782 0 774 0 197 3
2 648 3 949 1 112 2
1 406 0 981 0 71 0
2 846 1 53 0 284 3
2 273 3 227 2 977 2
1 916 0 843 0 542 3
1 588 0 444 1 783 0
1 197 2 712 2 191 3
1 898 0 880 3 308 1
1 91 3 338 0 233 0
1 434 1 969 0 759 0
2 921 2 508 2 812 1
2 549 0 836 1 629 1
1 129 1 759 0 177 0
2 681 3 23 2 833 1
1 464 0 658 3 137 2
1 603 2 240 3 236 1
2 263 3 136 1 780 0
1 261 0 793 0 858 2
2 353 2 203 1 582 2
1 782 0 774 0 197 3
2 648 3 949 1 112 2
1 406 0 981 0 71 0
2 846 1 53 0 284 3
2 273 3 227 2 977 2
1 916 0 843 0 542 3
1 588 0 444 1 783 0
1 197 2 712 2 191 3
1 898 0 880 3 308 1
1 91 3 338 0 233 0
1 434 1 969 0 759 0
2 921 2 508 2 812 1
2 549 0 836 1 629 1
1 129 1 759 0 177 0
2 681 3 23 2 833 1
1 464 0 658 3 137 2
1 603 2 240 3 236 1
2 263 3 136 1 780 0
1 261 0 793 0 858 2
2 353 2 203 1 582 2
1 782 0 774 0 197 3
2 648 3 949 1 112 2
1 406 0 981 0 71 0
2 846 1 53 0 284 3
2 273 3 227 2 977 2
1 916 0 843 0 542 3
1 588 0 444 1 783 0
1 197 2 712 2 191 3
1 898 0 880 3 308 1
1 91 3 338 0 233 0
1 434 1 969 0 759 0
2 921 2 508 2 812 1
2 549 0 836 1 629 1
1 129 1 759 0 177 0
2 681 3 23 2 833 1
1 464 0 658 3 137 2
1 603 2 240 3 236 1
2 263 3 136 1 780 0
1 261 0 793 0 858 2
2 353 2 203 1 582 2
1 782 0 774 0 197 3
2 648 3 949 1 112 2
1 406 0 981 0 71 0
2 846 1 53 0 284 3
2 273 3 227 2 977 2
1 916 0 843 0 542 3
1 588 0 444 1 783 0
1 197 2 712 2 191 3
1 898 0 880 3 308 1
1 91 3 338 0 233 0
1 434 1 969 0 759 0
2 921 2 508 2 812 1
2 549 0 836 1 629 1
1 129 1 759 0 177 0
2 681 3 23 2 833 1
1 464 0 658 3 137 2
1 603 2 240 3 236 1
2 263 3 136 1 780 0
1 261 0 793 0 858 2
2 353 2 203 1 582 2
1 782 0 774 0 197 3
2 648 3 949 1 112 2
1 406 0 981 0 71 0
2 846 1 53 0 284 3
2 273 3 227 2 977 2
1 916 0 843 0 542 3
1 588 0 444 1 783 0
1 197 2 712 2 191 3
1 898 0 880 3 308 1
1 91 3 338 0 233 0
1 434 1 969 0 759 0
2 921 2 508 2 812 1
2 549 0 836 1 629 1
1 129 1 759 0 177 0
2 681 3 23 2 833 1
1 464 0 658 3 137 2
1 603 2 240 3 236 1
2 263 3 136 1 780 0
1 261 0 793 0 858 2
2 353 2 203 1 582 2
1 782 0 774 0 197 3
2 648 3 949 1 112 2
1 406 0 981 0 71 0
2 846 1 53 0 284 3
2 273 3 227 2 977 2
1 916 0 843 0 542 3
1 588 0 444 1 783 0
1 197 2 712 2 191 3
1 898 0 880 3 308 1
1 91 3 338 0 233 0
1 434 1 969 0 759 0
2 921 2 508 2 812 1
2 549 0 836 1 629 1
1 129 1 759 0 177 0
2 681 3 23 2 833 1
1 464 0 658 3 137 2
1 603 2 240 3 236 1
2 263 3 136 1 780 0
1 261 0 793 0 858 2
2 353 2 203 1 582 2
1 782 0 774 0 197 3
2 648 3 949 1 112 2
1 406 0 981 0 71 0
2 846 1 53 0 284 3
2 273 3 227 2 977 2
1 916 0 843 0 542 3
1 588 0 444 1 783 0
1 197 2 712 2 191 3
1 898 0 880 3 308 1
1 91 3 338 0 233 0
1 434 1 969 0 759 0
2 921 2 508 2 812 1
2 549 0 836 1 629 1
1 129 1 759 0 177 0
2 681 3 23 2 833 1
1 464 0 658 3 137 2
1 603 2 240 3 236 1
2 263 3 136 1 780 0
1 261 0 793 0 858 2
2 353 2 203 1 582 2
1 782 0 774 0 197 3
2 648 3 949 1 112 2
1 406 0 981 0 71 0
2 846 1 53 0 284 3
2 273 3 227 2 977 2
1 916 0 843 0 542 3
1 588 0 444 1 783 0
1 197 2 712 2 191 3
1 898 0 880 3 308 1
1 91 3 338 0 233 0
1 434 1 969 0 759 0
2 921 2 508 2 812 1
2 549 0 836 1 629 1
1 129 1 759 0 177 0
2 681 3 23 2 833 1
1 464 0 658 3 137 2
1 603 2 240 3 236 1
2 263 3 136 1 780 0
1 261 0 793 0 858 2
2 353 2 203 1 582 2
1 782 0 774 0 197 3
2 648 3 949 1 112 2
1 406 0 981 0 71 0
2 846 1 53 0 284 3
2 273 3 227 2 977 2
1 916 0 843 0 542 3
1 588 0 444 1 783 0
1 197 2 712 2 191 3
1 898 0 880 3 308 1
1 91 3 338 0 233 0
1 434 1 969 0 759 0
2 921 2 508 2 812 1
2 549 0 836 1 629 1
1 129 1 759 0 177 0
2 681 3 23 2 833 1
1 464 0 658 3 137 2
1 603 2 240 3 236 1
2 263 3 136 1 780 0
1 261 0 793 0 858 2
2 353 2 203 1 582 2
1 782 0 774 0 197 3
2 648 3 949 1 112 2
1 406 0 981 0 71 0
2 846 1 53 0 284 3
2 273 3 227 2 977 2
1 916 0 843 0 542 3
1 588 0 444 1 783 0
1 197 2 712 2 191 3
1 898 0 880 3 308 1
1 91 3 338 0 233 0
1 434 1 969 0 759 0
2 921 2 508 2 812 1
2 549 0 836 1 629 1
1 129 1 759 0 177 0
2 681 3 23 2 833 1
1 464 0 658 3 137 2
1 603 2 240 3 236 1
2 263 3 136 1 780 0
1 261 0 793 0 858 2
2 353 2 203 1 582 2
1 782 0 774 0 197 3
2 648 3 949 1 112 2
1 406 0 981 0 71 0
2 846 1 53 0 284 3
2 273 3 227 2 977 2
1 916 0 843 0 542 3
1 588 0 444 1 783 0
1 197 2 712 2 191 3
1 898 0 880 3 308 1
1 91 3 338 0 233 0
1 434 1 969 0 759 0
2 921 2 508 2 812 1
2 549 0 836 1 629 1
1 129 1 759 0 177 0
2 681 3 23 2 833 1
1 464 0 658 3 137 2
1 603 2 240 3 236 1
2 263 3 136 1 780 0
1 261 0 793 0 858 2
2 353 2 203 1 582 2
1 782 0 774 0 197 3
2 648 3 949 1 112 2
1 406 0 981 0 71 0
2 846 1 53 0 284 3
2 273 3 227 2 977 2
1 916 0 843 0 542 3
1 588 0 444 1 783 0
1 197 2 712 2 191 3
1 898 0 880 3 308 1
1 91 3 338 0 233 0
1 434 1 969 0 759 0
2 921 2 508 2 812 1
2 549 0 836 1 629 1
1 129 1 759 0 177 0
2 681 3 23 2 833 1
1 464 0 658 3 137 2
1 603 2 240 3 236 1
2 263 3 136 1 780 0
1 261 0 793 0 858 2
2 353 2 203 1 582 2
1 782 0 774 0 197 3
2 648 3 949 1 112 2
1 406 0 981 0 71 0
2 846 1 53 0 284 3
2 273 3 227 2 977 2
1 916 0 843 0 542 3
1 588 0 444 1 783 0
1 197 2 712 2 191 3
1 898 0 880 3 308 1
1 91 3 338 0 233 0
1 434 1 969 0 759 0
2 921 2 508 2 812 1
2 549 0 836 1 629 1
1 129 1 759 0 177 0
2 681 3 23 2 833 1
1 464 0 658 3 137 2
1 603 2 240 3 236 1
2 263 3 136 1 780 0
1 261 0 793 0 858 2
2 353 2 203 1 582 2
1 782 0 774 0 197 3
2 648 3 949 1 112 2
1 406 0 981 0 71 0
2 846 1 53 0 284 3
2 273 3 227 2 977 2
1 916 0 843 0 542 3
1 588 0 444 1 783 0
1 197 2 712 2 191 3
1 898 0 880 3 308 1
1 91 3 338 0 233 0
1 434 1 969 0 759 0
2 921 2 508 2 812 1
2 549 0 836 1 629 1
1 129 1 759 0 177 0
2 681 3 23 2 833 1
1 464 0 658 3 137 2
1 603 2 240 3 236 1
2 263 3 136 1 780 0
1 261 0 793 0 858 2
2 353 2 203 1 582 2
1 782 0 774 0 197 3
2 648 3 949 1 112 2
1 406 0 981 0 71 0
2 846 1 53 0 284 3
2 273 3 227 2 977 2
1 916 0 843 0 542 3
1 588 0 444 1 783 0
1 197 2 712 2 191 3
1 898 0 880 3 308 1
1 91 3 338 0 233 0
1 434 1 969 0 759 0
2 921 2 508 2 812 1
2 549 0 836 1 629 1
1 129 1 759 0 177 0
2 681 3 23 2 833 1
1 464 0 658 3 137 2
1 603 2 240 3 236 1
2 263 3 136 1 780 0
1 261 0 793 0 858 2
2 353 2 203 1 582 2
1 782 0 774 0 197 3
2 648 3 949 1 112 2
1 406 0 981 0 71 0
2 846 1 53 0 284 3
2 273 3 227 2 977 2
1 916 0 843 0 542 3
1 588 0 444 1 783 0
1 197 2 712 2 191 3
1 898 0 880 3 308 1
1 91 3 338 0 233 0
1 434 1 969 0 759 0
2 921 2 508 2 812 1
2 549 0 836 1 629 1
1 129 1 759 0 177 0
2 681 3 23 2 833 1
1 464 0 658 3 137 2
1 603 2 240 3 236 1
2 263 3 136 1 780 0
1 261 0 793 0 858 2
2 353 2 203 1 582 2
1 782 0 774 0 197 3
2 648 3 949 1 112 2
1 406 0 981 0 71 0
2 846 1 53 0 284 3
2 273 3 227 2 977 2
1 916 0 843 0 542 3
1 588 0 444 1 783 0
1 197 2 712 2 191 3
1 898 0 880 3 308 1
1 91 3 338 0 233 0
1 434 1 969 0 759 0
2 921 2 508 2 812 1
2 549 0 836 1 629 1
1 129 1 759 0 177 0
2 681 3 23 2 833 1
1 464 0 658 3 137 2
1 603 2 240 3 236 1
2 263 3 136 1 780 0
1 261 0 793 0 858 2
2 353 2 203 1 582 2
1 782 0 774 0 197 3
2 648 3 949 1 112 2
1 406 0 981 0 71 0
2 846 1 53 0 284 3
2 273 3 227 2 977 2
1 916 0 843 0 542 3
1 588 0 444 1 783 0
1 197 2 712 2 191 3
1 898 0 880 3 308 1
1 91 3 338 0 233 0
1 434 1 969 0 759 0
2 921 2 508 2 812 1
2 549 0 836 1 629 1
1 129 1 759 0 177 0
2 681 3 23 2 833 1
1 464 0 658 3 137 2
1 603 2 240 3 236 1
2 263 3 136 1 780 0
1 261 0 793 0 858 2
2 353 2 203 1 582 2
1 782 0 774 0 197 3
2 648 3 949 1 112 2
1 406 0 981 0 71 0
2 846 1 53 0 284 3
2 273 3 227 2 977 2
1 916 0 843 0 542 3
1 588 0 444 1 783 0
1 197 2 712 2 191 3
1 898 0 880 3 308 1
1 91 3 338 0 233 0
1 434 1 969 0 759 0
2 921 2 508 2 812 1
2 549 0 836 1 629 1
1 129 1 759 0 177 0
2 681 3 23 2 833 1
1 464 0 658 3 137 2
1 603 2 240 3 236 1
2 263 3 136 1 780 0
1 261 0 793 0 858 2
2 353 2 203 1 582 2
1 782 0 774 0 197 3
2 648 3 949 1 112 2
1 406 0 981 0 71 0
2 846 1 53 0 284 3
2 273 3 227 2 977 2
1 916 0 843 0 542 3
1 588 0 444 1 783 0
1 197 2 712 2 191 3
1 898 0 880 3 308 1
1 91 3 338 0 233 0
1 434 1 969 0 759 0
2 921 2 508 2 812 1
2 549 0 836 1 629 1
1 129 1 759 0 177 0
2 681 3 23 2 833 1
1 464 0 658 3 137 2
1 603 2 240 3 236 1
2 263 3 136 1 780 0
1 261 0 793 0 858 2
2 353 2 203 1 582 2
1 782 0 774 0 197 3
2 648 3 949 1 112 2
1 406 0 981 0 71 0
2 846 1 53 0 284 3
2 273 3 227 2 977 2
1 916 0 843 0 542 3
1 588 0 444 1 783 0
1 197 2 712 2 191 3
1 898 0 880 3 308 1
1 91 3 338 0 233 0
1 434 1 969 0 759 0
2 921 2 508 2 812 1
2 549 0 836 1 629 1
1 129 1 759 0 177 0
2 681 3 23 2 833 1
1 464 0 658 3 137 2
1 603 2 240 3 236 1
2 263 3 136 1 780 0
1 261 0 793 0 858 2
2 353 2 203 1 582 2
1 782 0 774 0 197 3
2 648 3 949 1 112 2
1 406 0 981 0 71 0
2 846 1 53 0 284 3
2 273 3 227 2 977 2
1 916 0 843 0 542 3
1 588 0 444 1 783 0
1 197 2 712 2 191 3
1 898 0 880 3 308 1
1 91 3 338 0 233 0
1 434 1 969 0 759 0
2 921 2 508 2 812 1
2 549 0 836 1 629 1
1 129 1 759 0 177 0
2 681 3 23 2 833 1
1 464 0 658 3 137 2
1 603 2 240 3 236 1
2 263 3 136 1 780 0
1 261 0 793 0 858 2
2 353 2 203 1 582 2
1 782 0 774 0 197 3
2 648 3 949 1 112 2
1 406 0 981 0 71 0
2 846 1 53 0 284 3
2 273 3 227 2 977 2
1 916 0 843 0 542 3
1 588 0 444 1 783 0
1 197 2 712 2 191 3
1 898 0 880 3 308 1
1 91 3 338 0 233 0
1 434 1 969 0 759 0
2 921 2 508 2 812 1
2 549 0 836 1 629 1
1 129 1 759 0 177 0
2 681 3 23 2 833 1
1 464 0 658 3 137 2
1 603 2 240 3 236 1
2 263 3 136 1 780 0
1 261 0 793 0 858 2
2 353 2 203 1 582 2
1 782 0 774 0 197 3
2 648 3 949 1 112 2
1 406 0 981 0 71 0
2 846 1 53 0 284 3
2 273 3 227 2 977 2
1 916 0 843 0 542 3
1 588 0 444 1 783 0
1 197 2 712 2 191 3
1 898 0 880 3 308 1
1 91 3 338 0 233 0
1 434 1 969 0 759 0
2 921 2 508 2 812 1
2 549 0 836 1 629 1
1 129 1 759 0 177 0
2 681 3 23 2 833 1
1 464 0 658 3 137 2
1 603 2 240 3 236 1
2 263 3 136 1 780 0
1 261 0 793 0 858 2
2 353 2 203 1 582 2
1 782 0 774 0 197 3
2 648 3 949 1 112 2
1 406 0 981 0 71 0
2 846 1 53 0 284 3
2 273 3 227 2 977 2
1 916 0 843 0 542 3
1 588 0 444 1 783 0
1 197 2 712 2 191 3
1 898 0 880 3 308 1
1 91 3 338 0 233 0
1 434 1 969 0 759 0
2 921 2 508 2 812 1
2 549 0 836 1 629 1
1 129 1 759 0 177 0
2 681 3 23 2 833 1
1 464 0 658 3 137 2
1 603 2 240 3 236 1
2 263 3 136 1 780 0
1 261 0 793 0 858 2
2 353 2 203 1 582 2
1 782 0 774 0 197 3
2 648 3 949 1 112 2
1 406 0 981 0 71 0
2 846 1 53 0 284 3
2 273 3 227 2 977 2
1 916 0 843 0 542 3
1 588 0 444 1 783 0
1 197 2 712 2 191 3
1 898 0 880 3 308 1
1 91 3 338 0 233 0
1 434 1 969 0 759 0
2 921 2 508 2 812 1
2 549 0 836 1 629 1
1 129 1 759 0 177 0
2 681 3 23 2 833 1
1 464 0 658 3 137 2
1 603 2 240 3 236 1
2 263 3 136 1 780 0
1 261 0 793 0 858 2
2 353 2 203 1 582 2
1 782 0 774 0 197 3
2 648 3 949 1 112 2
1 406 0 981 0 71 0
2 846 1 53 0 284 3
2 273 3 227 2 977 2
1 916 0 843 0 542 3
1 588 0 444 1 783 0
1 197 2 712 2 191 3
1 898 0 880 3 308 1
1 91 3 338 0 233 0
1 434 1 969 0 759 0
2 921 2 508 2 812 1
2 549 0 836 1 629 1
1 129 1 759 0 177 0
2 681 3 23 2 833 1
1 464 0 658 3 137 2
1 603 2 240 3 236 1
2 263 3 136 1 780 0
1 261 0 793 0 858 2
2 353 2 203 1 582 2
1 782 0 774 0 197 3
2 648 3 949 1 112 2
1 406 0 981 0 71 0
2 846 1 53 0 284 3
2 273 3 227 2 977 2
1 916 0 843 0 542 3
1 588 0 444 1 783 0
1 197 2 712 2 191 3
1 898 0 880 3 308 1
1 91 3 338 0 233 0
1 434 1 969 0 759 0
2 921 2 508 2 812 1
2 549 0 836 1 629 1
1 129 1 759 0 177 0
2 681 3 23 2 833 1
1 464 0 658 3 137 2
1 603 2 240 3 236 1
2 263 3 136 1 780 0
1 261 0 793 0 858 2
2 353 2 203 1 582 2
1 782 0 774 0 197 3
2 648 3 949 1 112 2
1 406 0 981 0 71 0
2 846 1 53 0 284 3
2 273 3 227 2 977 2
1 916 0 843 0 542 3
1 588 0 444 1 783 0
1 197 2 712 2 191 3
1 898 0 880 3 308 1
1 91 3 338 0 233 0
1 434 1 969 0 759 0
2 921 2 508 2 812 1
2 549 0 836 1 629 1
1 129 1 759 0 177 0
2 681 3 23 2 833 1
1 464 0 658 3 137 2
1 603 2 240 3 236 1
2 263 3 136 1 780 0
1 261 0 793 0 858 2
2 353 2 203 1 582 2
1 782 0 774 0 197 3
2 648 3 949 1 112 2
1 406 0 981 0 71 0
2 846 1 53 0 284 3
2 273 3 227 2 977 2
1 916 0 843 0 542 3
1 588 0 444 1 783 0
1 197 2 712 2 191 3
1 898 0 880 3 308 1
1 91 3 338 0 233 0
1 434 1 969 0 759 0
2 921 2 508 2 812 1
2 549 0 836 1 629 1
1 129 1 759 0 177 0
2 681 3 23 2 833 1
1 464 0 658 3 137 2
1 603 2 240 3 236 1
2 263 3 136 1 780 0
1 261 0 793 0 858 2
2 353 2 203 1 582 2
1 782 0 774 0 197 3
2 648 3 949 1 112 2
1 406 0 981 0 71 0
2 846 1 53 0 284 3
2 273 3 227 2 977 2
1 916 0 843 0 542 3
1 588 0 444 1 783 0
1 197 2 712 2 191 3
1 898 0 880 3 308 1
1 91 3 338 0 233 0
1 434 1 969 0 759 0
2 921 2 508 2 812 1
2 549 0 836 1 629 1
1 129 1 759 0 177 0
2 681 3 23 2 833 1
1 464 0 658 3 137 2
1 603 2 240 3 236 1
2 263 3 136 1 780 0
1 261 0 793 0 858 2
2 353 2 203 1 582 2
1 782 0 774 0 197 3
2 648 3 949 1 112 2
1 406 0 981 0 71 0
2 846 1 53 0 284 3
2 273 3 227 2 977 2
1 916 0 843 0 542 3
1 588 0 444 1 783 0
1 197 2 712 2 191 3
1 898 0 880 3 308 1
1 91 3 338 0 233 0
1 434 1 969 0 759 0
2 921 2 508 2 812 1
2 549 0 836 1 629 1
1 129 1 759 0 177 0
2 681 3 23 2 833 1
1 464 0 658 3 137 2
1 603 2 240 3 236 1
2 263 3 136 1 780 0
1 261 0 793 0 858 2
2 353 2 203 1 582 2
1 782 0 774 0 197 3
2 648 3 949 1 112 2
1 406 0 981 0 71 0
2 846 1 53 0 284 3
2 273 3 227 2 977 2
1 916 0 843 0 542 3
1 588 0 444 1 783 0
1 197 2 712 2 191 3
1 898 0 880 3 308 1
1 91 3 338 0 233 0
1 434 1 969 0 759 0
2 921 2 508 2 812 1
2 549 0 836 1 629 1
1 129 1 759 0 177 0
2 681 3 23 2 833 1
1 464 0 658 3 137 2
1 603 2 240 3 236 1
2 263 3 136 1 780 0
1 261 0 793 0 858 2
2 353 2 203 1 582 2
1 782 0 774 0 197 3
2 648 3 949 1 112 2
1 406 0 981 0 71 0
2 846 1 53 0 284 3
2 273 3 227 2 977 2
1 916 0 843 0 542 3
1 588 0 444 1 783 0
1 197 2 712 2 191 3
1 898 0 880 3 308 1
1 91 3 338 0 233 0
1 434 1 969 0 759 0
2 921 2 508 2 812 1
2 549 0 836 1 629 1
1 129 1 759 0 177 0
2 681 3 23 2 833 1
1 464 0 658 3 137 2
1 603 2 240 3 236 1
2 263 3 136 1 780 0
1 261 0 793 0 858 2
2 353 2 203 1 582 2
1 782 0 774 0 197 3
2 648 3 949 1 112 2
1 406 0 981 0 71 0
2 846 1 53 0 284 3
2 273 3 227 2 977 2
1 916 0 843 0 542 3
1 588 0 444 1 783 0
1 197 2 712 2 191 3
1 898 0 880 3 308 1
1 91 3 338 0 233 0
1 434 1 969 0 759 0
2 921 2 508 2 812 1
2 549 0 836 1 629 1
1 129 1 759 0 177 0
2 681 3 23 2 833 1
1 464 0 658 3 137 2
1 603 2 240 3 236 1
2 263 3 136 1 780 0
1 261 0 793 0 858 2
2 353 2 203 1 582 2
1 782 0 774 0 197 3
2 648 3 949 1 112 2
1 406 0 981 0 71 0
2 846 1 53 0 284 3
2 273 3 227 2 977 2
1 916 0 843 0 542 3
1 588 0 444 1 783 0
1 197 2 712 2 191 3
1 898 0 880 3 308 1
1 91 3 338 0 233 0
1 434 1 969 0 759 0
2 921 2 508 2 812 1
2 549 0 836 1 629 1
1 129 1 759 0 177 0
2 681 3 23 2 833 1
1 464 0 658 3 137 2
1 603 2 240 3 236 1
2 263 3 136 1 780 0
1 261 0 793 0 858 2
2 353 2 203 1 582 2
1 782 0 774 0 197 3
2 648 3 949 1 112 2
1 406 0 981 0 71 0
2 846 1 53 0 284 3
2 273 3 227 2 977 2
1 916 0 843 0 542 3
1 588 0 444 1 783 0
1 197 2 712 2 191 3
1 898 0 880 3 308 1
1 91 3 338 0 233 0
1 434 1 969 0 759 0
2 921 2 508 2 812 1
2 549 0 836 1 629 1
1 129 1 759 0 177 0
2 681 3 23 2 833 1
1 464 0 658 3 137 2
1 603 2 240 3 236 1
2 263 3 136 1 780 0
1 261 0 793 0 858 2
2 353 2 203 1 582 2
1 782 0 774 0 197 3
2 648 3 949 1 112 2
1 406 0 981 0 71 0
2 846 1 53 0 284 3
2 273 3 227 2 977 2
1 916 0 843 0 542 3
1 588 0 444 1 783 0
1 197 2 712 2 191 3
1 898 0 880 3 308 1
1 91 3 338 0 233 0
1 434 1 969 0 759 0
2 921 2 508 2 812 1
2 549 0 836 1 629 1
1 129 1 759 0 177 0
2 681 3 23 2 833 1
1 464 0 658 3 137 2
1 603 2 240 3 236 1
2 263 3 136 1 780 0
1 261 0 793 0 858 2
2 353 2 203 1 582 2
1 782 0 774 0 197 3
2 648 3 949 1 112 2
1 406 0 981 0 71 0
2 846 1 53 0 284 3
2 273 3 227 2 977 2
1 916 0 843 0 542 3
1 588 0 444 1 783 0
1 197 2 712 2 191 3
1 898 0 880 3 308 1
1 91 3 338 0 233 0
1 434 1 969 0 759 0
2 921 2 508 2 812 1
2 549 0 836 1 629 1
1 129 1 759 0 177 0
2 681 3 23 2 833 1
1 464 0 658 3 137 2
1 603 2 240 3 236 1
2 263 3 136 1 780 0
1 261 0 793 0 858 2
2 353 2 203 1 582 2
1 782 0 774 0 197 3
2 648 3 949 1 112 2
1 406 0 981 0 71 0
2 846 1 53 0 284 3
2 273 3 227 2 977 2
1 916 0 843 0 542 3
1 588 0 444 1 783 0
1 197 2 712 2 191 3
1 898 0 880 3 308 1
1 91 3 338 0 233 0
1 434 1 969 0 759 0
2 921 2 508 2 812 1
2 549 0 836 1 629 1
1 129 1 759 0 177 0
2 681 3 23 2 833 1
1 464 0 658 3 137 2
1 603 2 240 3 236 1
2 263 3 136 1 780 0
1 261 0 793 0 858 2
2 353 2 203 1 582 2
1 782 0 774 0 197 3
2 648 3 949 1 112 2
1 406 0 981 0 71 0
2 846 1 53 0 284 3
2 273 3 227 2 977 2
1 916 0 843 0 542 3
1 588 0 444 1 783 0
1 197 2 712 2 191 3
1 898 0 880 3 308 1
1 91 3 338 0 233 0
1 434 1 969 0 759 0
2 921 2 508 2 812 1
2 549 0 836 1 629 1
1 129 1 759 0 177 0
2 681 3 23 2 833 1
1 464 0 658 3 137 2
1 603 2 240 3 236 1
2 263 3 136 1 780 0
1 261 0 793 0 858 2
2 353 2 203 1 582 2
1 782 0 774 0 197 3
2 648 3 949 1 112 2
1 406 0 981 0 71 0
2 846 1 53 0 284 3
2 273 3 227 2 977 2
1 916 0 843 0 542 3
1 588 0 444 1 783 0
1 197 2 712 2 191 3
1 898 0 880 3 308 1
1 91 3 338 0 233 0
1 434 1 969 0 759 0
2 921 2 508 2 812 1
2 549 0 836 1 629 1
1 129 1 759 0 177 0
2 681 3 23 2 833 1
1 464 0 658 3 137 2
1 603 2 240 3 236 1
2 263 3 136 1 780 0
1 261 0 793 0 858 2
2 353 2 203 1 582 2
1 782 0 774 0 197 3
2 648 3 949 1 112 2
1 406 0 981 0 71 0
2 846 1 53 0 284 3
2 273 3 227 2 977 2
1 916 0 843 0 542 3
1 588 0 444 1 783 0
1 197 2 712 2 191 3
1 898 0 880 3 308 1
1 91 3 338 0 233 0
1 434 1 969 0 759 0
2 921 2 508 2 812 1
2 549 0 836 1 629 1
1 129 1 759 0 177 0
2 681 3 23 2 833 1
1 464 0 658 3 137 2
1 603 2 240 3 236 1
2 263 3 136 1 780 0
1 261 0 793 0 858 2
2 353 2 203 1 582 2
1 782 0 774 0 197 3
2 648 3 949 1 112 2
1 406 0 981 0 71 0
2 846 1 53 0 284 3
2 273 3 227 2 977 2
1 916 0 843 0 542 3
1 588 0 444 1 783 0
1 197 2 712 2 191 3
1 898 0 880 3 308 1
1 91 3 338 0 233 0
1 434 1 969 0 759 0
2 921 2 508 2 812 1
2 549 0 836 1 629 1
1 129 1 759 0 177 0
2 681 3 23 2 833 1
1 464 0 658 3 137 2
1 603 2 240 3 236 1
2 263 3 136 1 780 0
1 261 0 793 0 858 2
2 353 2 203 1 582 2
1 782 0 774 0 197 3
2 648 3 949 1 112 2
1 406 0 981 0 71 0
2 846 1 53 0 284 3
2 273 3 227 2 977 2
1 916 0 843 0 542 3
1 588 0 444 1 783 0
1 197 2 712 2 191 3
1 898 0 880 3 308 1
1 91 3 338 0 233 0
1 434 1 969 0 759 0
2 921 2 508 2 812 1
2 549 0 836 1 629 1
1 129 1 759 0 177 0
2 681 3 23 2 833 1
1 464 0 658 3 137 2
1 603 2 240 3 236 1
2 263 3 136 1 780 0
1 261 0 793 0 858 2
2 353 2 203 1 582 2
1 782 0 774 0 197 3
2 648 3 949 1 112 2
1 406 0 981 0 71 0
2 846 1 53 0 284 3
2 273 3 227 2 977 2
1 916 0 843 0 542 3
1 588 0 444 1 783 0
1 197 2 712 2 191 3
1 898 0 880 3 308 1
1 91 3 338 0 233 0
1 434 1 969 0 759 0
2 921 2 508 2 812 1
2 549 0 836 1 629 1
1 129 1 759 0 177 0
2 681 3 23 2 833 1
1 464 0 658 3 137 2
1 603 2 240 3 236 1
2 263 3 136 1 780 0
1 261 0 793 0 858 2
2 353 2 203 1 582 2
1 782 0 774 0 197 3
2 648 3 949 1 112 2
1 406 0 981 0 71 0
2 846 1 53 0 284 3
2 273 3 227 2 977 2
1 916 0 843 0 542 3
1 588 0 444 1 783 0
1 197 2 712 2 191 3
1 898 0 880 3 308 1
1 91 3 338 0 233 0
1 434 1 969 0 759 0
2 921 2 508 2 812 1
2 549 0 836 1 629 1
1 129 1 759 0 177 0
2 681 3 23 2 833 1
1 464 0 658 3 137 2
1 603 2 240 3 236 1
2 263 3 136 1 780 0
1 261 0 793 0 858 2
2 353 2 203 1 582 2
1 782 0 774 0 197 3
2 648 3 949 1 112 2
1 406 0 981 0 71 0
2 846 1 53 0 284 3
2 273 3 227 2 977 2
1 916 0 843 0 542 3
1 588 0 444 1 783 0
1 197 2 712 2 191 3
1 898 0 880 3 308 1
1 91 3 338 0 233 0
1 434 1 969 0 759 0
2 921 2 508 2 812 1
2 549 0 836 1 629 1
1 129 1 759 0 177 0
2 681 3 23 2 833 1
1 464 0 658 3 137 2
1 603 2 240 3 236 1
2 263 3 136 1 780 0
1 261 0 793 0 858 2
2 353 2 203 1 582 2
1 782 0 774 0 197 3
2 648 3 949 1 112 2
1 406 0 981 0 71 0
2 846 1 53 0 284 3
2 273 3 227 2 977 2
1 916 0 843 0 542 3
1 588 0 444 1 783 0
1 197 2 712 2 191 3
1 898 0 880 3 308 1
1 91 3 338 0 233 0
1 434 1 969 0 759 0
2 921 2 508 2 812 1
2 549 0 836 1 629 1
1 129 1 759 0 177 0
2 681 3 23 2 833 1
1 464 0 658 3 137 2
1 603 2 240 3 236 1
2 263 3 136 1 780 0
1 261 0 793 0 858 2
2 353 2 203 1 582 2
1 782 0 774 0 197 3
2 648 3 949 1 112 2
1 406 0 981 0 71 0
2 846 1 53 0 284 3
2 273 3 227 2 977 2
1 916 0 843 0 542 3
1 588 0 444 1 783 0
1 197 2 712 2 191 3
1 898 0 880 3 308 1
1 91 3 338 0 233 0
1 434 1 969 0 759 0
2 921 2 508 2 812 1
2 549 0 836 1 629 1
1 129 1 759 0 177 0
2 681 3 23 2 833 1
1 464 0 658 3 137 2
1 603 2 240 3 236 1
2 263 3 136 1 780 0
1 261 0 793 0 858 2
2 353 2 203 1 582 2
1 782 0 774 0 197 3
2 648 3 949 1 112 2
1 406 0 981 0 71 0
2 846 1 53 0 284 3
2 273 3 227 2 977 2
1 916 0 843 0 542 3
1 588 0 444 1 783 0
1 197 2 712 2 191 3
1 898 0 880 3 308 1
1 91 3 338 0 233 0
1 434 1 969 0 759 0
2 921 2 508 2 812 1
2 549 0 836 1 629 1
1 129 1 759 0 177 0
2 681 3 23 2 833 1
1 464 0 658 3 137 2
1 603 2 240 3 236 1
2 263 3 136 1 780 0
1 261 0 793 0 858 2
2 353 2 203 1 582 2
1 782 0 774 0 197 3
2 648 3 949 1 112 2
1 406 0 981 0 71 0
2 846 1 53 0 284 3
2 273 3 227 2 977 2
1 916 0 843 0 542 3
1 588 0 444 1 783 0
1 197 2 712 2 191 3
1 898 0 880 3 308 1
1 91 3 338 0 233 0
1 434 1 969 0 759 0
2 921 2 508 2 812 1
2 549 0 836 1 629 1
1 129 1 759 0 177 0
2 681 3 23 2 833 1
1 464 0 658 3 137 2
1 603 2 240 3 236 1
2 263 3 136 1 780 0
1 261 0 793 0 858 2
2 353 2 203 1 582 2
1 782 0 774 0 197 3
2 648 3 949 1 112 2
1 406 0 981 0 71 0
2 846 1 53 0 284 3
2 273 3 227 2 977 2
1 916 0 843 0 542 3
1 588 0 444 1 783 0
1 197 2 712 2 191 3
1 898 0 880 3 308 1
1 91 3 338 0 233 0
1 434 1 969 0 759 0
2 921 2 508 2 812 1
2 549 0 836 1 629 1
1 129 1 759 0 177 0
2 681 3 23 2 833 1
1 464 0 658 3 137 2
1 603 2 240 3 236 1
2 263 3 136 1 780 0
1 261 0 793 0 858 2
2 353 2 203 1 582 2
1 782 0 774 0 197 3
2 648 3 949 1 112 2
1 406 0 981 0 71 0
2 846 1 53 0 284 3
2 273 3 227 2 977 2
1 916 0 843 0 542 3
1 588 0 444 1 783 0
1 197 2 712 2 191 3
1 898 0 880 3 308 1
1 91 3 338 0 233 0
1 434 1 969 0 759 0
2 921 2 508 2 812 1
2 549 0 836 1 629 1
1 129 1 759 0 177 0
2 681 3 23 2 833 1
1 464 0 658 3 137 2
1 603 2 240 3 236 1
2 263 3 136 1 780 0
1 261 0 793 0 858 2
2 353 2 203 1 582 2
1 782 0 774 0 197 3
2 648 3 949 1 112 2
1 406 0 981 0 71 0
2 846 1 53 0 284 3
2 273 3 227 2 977 2
1 916 0 843 0 542 3
1 588 0 444 1 783 0
1 197 2 712 2 191 3
1 898 0 880 3 308 1
1 91 3 338 0 233 0
1 434 1 969 0 759 0
2 921 2 508 2 812 1
2 549 0 836 1 629 1
1 129 1 759 0 177 0
2 681 3 23 2 833 1
1 464 0 658 3 137 2
1 603 2 240 3 236 1
2 263 3 136 1 780 0
1 261 0 793 0 858 2
2 353 2 203 1 582 2
1 782 0 774 0 197 3
2 648 3 949 1 112 2
1 406 0 981 0 71 0
2 846 1 53 0 284 3
2 273 3 227 2 977 2
1 916 0 843 0 542 3
1 588 0 444 1 783 0
1 197 2 712 2 191 3
1 898 0 880 3 308 1
1 91 3 338 0 233 0
1 434 1 969 0 759 0
2 921 2 508 2 812 1
2 549 0 836 1 629 1
1 129 1 759 0 177 0
2 681 3 23 2 833 1
1 464 0 658 3 137 2
1 603 2 240 3 236 1
2 263 3 136 1 780 0
1 261 0 793 0 858 2
2 353 2 203 1 582 2
1 782 0 774 0 197 3
2 648 3 949 1 112 2
1 406 0 981 0 71 0
2 846 1 53 0 284 3
2 273 3 227 2 977 2
1 916 0 843 0 542 3
1 588 0 444 1 783 0
1 197 2 712 2 191 3
1 898 0 880 3 308 1
1 91 3 338 0 233 0
1 434 1 969 0 759 0
2 921 2 508 2 812 1
2 549 0 836 1 629 1
1 129 1 759 0 177 0
2 681 3 23 2 833 1
1 464 0 658 3 137 2
1 603 2 240 3 236 1
2 263 3 136 1 780 0
1 261 0 793 0 858 2
2 353 2 203 1 582 2
1 782 0 774 0 197 3
2 648 3 949 1 112 2
1 406 0 981 0 71 0
2 846 1 53 0 284 3
2 273 3 227 2 977 2
1 916 0 843 0 542 3
1 588 0 444 1 783 0
1 197 2 712 2 191 3
1 898 0 880 3 308 1
1 91 3 338 0 233 0
1 434 1 969 0 759 0
2 921 2 508 2 812 1
2 549 0 836 1 629 1
1 129 1 759 0 177 0
2 681 3 23 2 833 1
1 464 0 658 3 137 2
1 603 2 240 3 236 1
2 263 3 136 1 780 0
1 261 0 793 0 858 2
2 353 2 203 1 582 2
1 782 0 774 0 197 3
2 648 3 949 1 112 2
1 406 0 981 0 71 0
2 846 1 53 0 284 3
2 273 3 227 2 977 2
1 916 0 843 0 542 3
1 588 0 444 1 783 0
1 197 2 712 2 191 3
1 898 0 880 3 308 1
2 595 0 632 1 543 1
1 776 2 568 2 231 3
2 650 3 950 2 408 1
2 22 2 642 0 496 2
1 366 1 353 1 61 3
2 482 2 625 2 460 0
1 662 1 604 2 56 1
2 558 3 333 3 976 1
2 820 1 661 3 223 2
1 806 1 282 3 618 3
1 219 2 36 2 134 1
2 662 1 381 0 349 0
1 334 1 989 3 39 3
2 696 2 528 1 341 2
1 84 1 623 1 518 3
2 126 3 247 3 902 3
1 778 0 861 0 309 0
1 11 2 205 2 412 2
1 632 2 699 3 51 0
1 28 2 851 2 600 2
1 328 3 480 0 782 0
2 429 1 268 2 53 0
2 610 2 612 3 286 3
2 946 1 157 0 301 1
1 225 0 318 1 895 1
2 396 2 700 1 649 2
2 875 0 325 2 805 1
2 315 3 467 2 401 0
2 740 0 267 0 894 3
1 144 1 699 2 67 0
1 570 1 349 3 78 2
1 34 0 579 3 725 2
1 408 2 969 2 323 0
1 808 2 720 2 904 1
1 529 1 263 1 601 2
2 16 3 995 1 794 2
2 288 1 624 0 588 0
2 398 3 596 2 2 0
1 365 3 148 1 654 3
2 556 1 257 0 217 1
1 353 3 420 1 392 3
1 652 1 994 1 855 2
2 114 2 869 2 351 0
1 202 2 536 0 181 0
2 25 1 517 0 987 1
2 892 0 106 0 433 1
1 943 2 552 3 507 2
1 838 0 503 0 646 2
2 212 2 281 0 69 3
1 865 3 734 1 501 2
1 977 2 683 0 784 1
1 602 2 616 3 7 3
2 835 2 679 3 549 0
2 146 2 228 1 723 2
1 443 2 461 1 521 0
2 738 0 102 0 852 2
1 194 0 808 2 224 3
2 971 3 891 3 891 1
2 123 0 272 2 125 2
2 928 3 986 0 110 0
1 468 1 300 3 636 3
2 123 3 791 0 678 1
1 1 0 139 1 810 3
2 619 2 682 3 119 0
1 212 0 281 3 294 3
1 530 3 160 1 525 1
2 55 1 289 2 249 0
1 671 2 228 3 347 2
1 572 3 317 2 323 2
2 622 0 950 2 712 1
1 497 1 20 1 769 3
2 204 3 220 1 139 2
1 590 2 810 1 162 1
1 295 1 252 1 708 0
1 926 3 279 0 614 3
1 737 0 15 2 611 2
2 627 0 474 1 993 2
1 387 0 795 2 480 1
2 819 2 417 2 324 2
1 782 3 294 2 364 3
1 168 2 410 2 656 3
1 576 2 429 0 168 2
1 811 3 595 2 724 1
2 445 3 434 0 31 2
2 73 3 529 0 877 2
1 660 0 201 2 400 3
1 376 2 439 1 813 2
1 880 1 985 0 717 0
1 594 2 193 1 558 1
1 518 0 722 2 536 2
2 374 3 18 3 91 2
1 830 0 925 0 632 3
1 926 2 452 0 553 0
2 597 3 957 0 669 1
1 603 2 848 2 73 2
1 226 3 554 1 929 0
1 207 3 541 2 887 2
1 348 1 804 2 726 0
1 4 2 545 0 835 1
1 380 3 474 0 92 3
1 505 0 624 2 249 2
2 276 3 637 2 542 0
2 358 3 638 0 180 2
1 486 1 51 1 759 3
1 178 2 35 3 941 1
2 372 1 989 1 678 3
1 449 0 327 3 536 1
2 403 2 212 3 160 2
2 683 2 151 2 273 2
2 868 1 38 0 486 0
2 729 0 230 3 675 0
2 125 3 98 3 391 2
1 292 1 158 0 73 3
1 706 1 960 2 104 2
1 766 2 439 0 442 2
1 802 3 911 0 113 3
2 182 0 651 3 378 1
2 814 1 636 2 202 1
2 437 2 3 1 210 2
2 637 0 598 3 563 1
2 100 1 189 0 876 2
1 692 2 893 3 458 3
2 115 0 118 1 387 1
1 715 2 958 0 936 1
1 292 3 915 2 781 2
1 139 1 755 0 498 1
2 455 2 270 2 917 1
1 936 2 921 3 426 3
2 217 1 503 1 376 0
1 489 1 426 3 386 3
1 638 0 106 3 270 3
1 346 3 430 1 712 0
2 856 2 357 3 947 0
2 118 1 735 2 342 3
2 522 0 542 2 917 3
1 851 0 877 2 925 2
2 839 3 389 2 307 3
1 513 2 105 3 983 3
2 218 1 587 2 817 1
1 434 0 686 3 689 3
2 170 2 252 0 691 0
1 237 1 396 3 782 1
2 964 0 331 1 974 1
2 106 0 605 0 37 3
2 20 0 478 1 453 3
1 317 2 816 3 281 0
2 409 0 338 1 661 0
1 804 3 960 3 549 1
2 758 0 848 0 98 2
2 312 3 127 2 605 1
1 548 2 153 0 900 3
2 205 3 589 3 645 1
1 965 1 730 0 135 1
1 333 2 158 0 256 2
1 297 1 889 3 114 2
2 551 2 353 1 260 0
2 631 0 483 0 379 3
1 943 1 404 2 675 2
2 815 0 782 3 912 3
2 40 3 565 1 102 0
1 291 1 791 2 498 2
2 406 3 687 0 223 2
2 1 0 339 0 938 1
1 101 2 179 3 220 2
2 998 3 60 1 710 0
2 691 2 702 1 681 1
1 25 1 689 1 364 1
2 752 0 761 1 507 3
2 298 3 530 0 817 0
2 802 3 234 0 277 3
1 617 1 958 0 99 2
2 491 1 915 0 186 1
2 228 0 160 1 897 3
2 978 3 720 1 603 2
1 869 2 864 1 402 2
1 46 2 602 1 964 2
2 705 1 595 1 7 0
2 142 0 324 2 932 2
2 832 0 544 2 878 1
2 99 0 629 3 507 1
2 865 0 606 1 887 1
1 14 0 39 3 316 0
1 433 3 824 3 45 0
2 470 0 303 2 737 2
1 341 0 422 0 617 2
2 712 2 636 0 562 3
2 4 2 689 3 345 3
1 49 3 421 1 673 0
2 797 1 142 0 807 1
2 745 2 84 0 199 1
2 531 3 882 2 33 3
2 478 3 933 0 243 2
1 186 0 979 0 178 0
2 534 0 195 0 276 2
1 247 0 466 3 875 3
2 657 0 812 3 213 3
1 294 0 85 2 178 1
2 887 3 577 3 905 3
2 481 3 319 3 176 3
1 159 1 603 1 423 3
1 459 2 772 1 335 0
1 75 2 397 0 973 2
2 815 2 598 2 732 3
2 76 3 936 2 676 2
1 102 1 417 2 6 0
1 103 0 140 0 292 2
2 712 0 967 3 545 2
1 810 2 876 1 773 3
1 984 1 715 1 357 2
1 41 3 458 0 437 3
1 397 3 390 2 600 1
2 399 1 36 1 303 3
2 946 2 301 0 18 3
1 378 2 224 1 402 0
2 653 3 259 0 46 0
2 4 3 159 2 178 0
2 776 2 318 0 728 2
1 620 2 250 3 639 1
1 940 1 237 0 292 1
2 325 0 303 0 600 2
1 185 0 361 0 235 1
2 315 1 478 3 630 1
2 883 3 58 0 225 1
2 342 0 400 3 763 1
1 176 1 50 3 777 0
2 192 2 998 1 313 0
2 337 1 20 2 964 1
1 841 3 537 2 545 3
2 82 0 35 3 842 3
2 687 0 399 2 827 1
1 124 1 369 2 108 3
2 643 3 472 1 363 2
1 173 1 905 3 596 2
2 981 0 808 3 383 0
2 121 3 654 0 295 0
2 227 2 892 0 272 0
2 211 2 18 3 390 3
2 979 2 579 2 229 1
1 845 1 515 0 528 2
1 873 1 617 0 315 2
2 245 2 450 3 144 0
2 690 0 209 0 680 1
1 681 2 826 1 60 2
1 423 0 726 2 890 0
1 87 2 575 0 575 3
2 56 1 173 0 378 0
1 530 3 874 0 377 2
2 200 2 621 1 444 2
2 789 3 680 1 942 2
1 186 2 224 1 526 1
1 995 3 579 3 335 1
2 912 3 663 2 471 3
1 403 0 57 1 726 3
2 662 2 17 1 311 1
1 187 1 770 2 389 2
1 787 2 763 3 547 0
2 340 3 318 2 5 0
2 353 3 481 0 338 0
1 762 2 782 3 201 3
2 905 3 415 0 802 3
1 313 3 636 3 957 1
2 144 0 11 3 389 0
1 392 3 389 3 904 1
1 199 3 612 2 856 1
2 772 0 46 3 597 0
2 2 1 264 0 19 1
2 922 2 163 1 232 1
2 826 2 90 3 770 1
2 851 0 358 2 396 2
2 598 1 577 1 497 3
1 647 2 294 0 482 3
2 75 2 146 0 106 0
1 687 0 19 0 780 0
2 532 2 413 1 214 0
1 541 0 101 1 993 3
2 405 1 253 3 413 3
1 251 0 703 2 78 3
2 849 1 315 2 649 3
2 424 1 440 1 454 0
1 433 1 569 2 439 2
1 353 3 754 2 805 2
1 20 3 527 2 239 2
1 393 0 553 0 565 0
1 624 1 172 0 0 3
1 913 3 924 3 47 3
1 541 0 613 0 433 0
2 991 2 735 3 850 3
2 849 2 257 1 500 2
2 103 1 789 3 823 1
2 1 1 104 2 575 1
2 742 0 67 1 747 1
2 605 3 642 3 616 2
2 515 2 662 3 938 3
2 683 0 259 0 740 3
1 737 0 858 2 353 0
2 916 1 771 3 654 2
1 448 3 555 1 249 2
2 622 0 316 1 757 0
2 74 2 804 1 407 2
1 305 2 842 3 352 1
2 424 0 672 1 204 0
1 898 1 169 0 269 2
1 958 1 884 0 111 1
1 320 1 768 3 204 2
2 692 1 903 2 596 1
2 441 1 989 0 830 3
1 629 2 485 1 610 1
1 636 0 412 3 263 2
2 564 0 183 3 661 2
2 838 2 878 0 785 0
2 517 1 693 1 109 1
1 527 0 466 3 18 2
2 631 0 984 0 836 2
1 986 1 808 2 589 0
2 727 2 26 0 226 2
2 475 1 676 3 93 0
2 87 2 566 2 755 2
1 924 3 733 0 382 3
2 401 3 434 3 170 2
2 590 3 366 3 105 0
2 872 3 863 0 566 1
1 893 2 785 0 76 3
2 655 0 208 0 776 3
1 646 2 457 3 107 1
1 259 2 475 3 440 2
1 99 1 782 1 559 2
1 69 3 1 2 313 1
2 631 1 997 0 262 0
1 933 0 390 3 584 2
1 300 2 8 0 356 2
1 547 1 538 2 996 2
2 155 2 384 2 822 2
1 481 0 754 3 608 3
1 960 2 646 2 200 1
2 309 1 242 3 707 2
2 838 2 1 3 988 3
1 561 1 68 0 606 0
1 778 3 498 3 37 1
1 386 0 222 1 36 0
1 431 1 174 1 945 0
2 242 1 240 1 557 2
1 331 3 93 3 954 0
2 510 0 262 0 186 2
1 684 0 493 1 92 1
2 121 0 521 2 41 1
1 775 2 175 3 269 1
1 801 3 861 1 879 2
2 231 3 659 3 548 2
2 857 1 192 3 721 1
2 114 3 550 1 205 1
2 300 3 331 2 71 2
1 516 1 552 0 68 1
1 761 2 809 0 699 0
1 743 2 395 0 53 0
1 959 1 763 3 536 2
2 884 0 590 2 281 1
2 203 3 54 2 204 1
2 502 2 796 1 520 1
1 672 0 308 0 348 3
1 314 3 587 1 608 3
2 399 1 415 1 553 1
1 818 0 372 1 231 2
1 641 3 618 3 850 0
1 571 0 808 0 131 1
2 331 1 288 1 217 0
1 68 2 216 3 73 3
2 133 0 231 0 201 2
1 295 0 9 1 624 0
2 701 2 128 3 946 1
2 497 1 458 1 439 3
2 41 3 673 0 148 1
1 515 3 774 1 899 3
1 290 0 277 0 791 2
2 511 2 850 0 312 1
2 134 1 437 3 408 1
1 549 1 745 1 589 0
1 99 3 220 1 178 1
2 437 1 386 1 114 1
1 43 2 942 3 162 2
2 988 1 951 1 698 3
2 766 3 804 3 618 1
2 165 1 650 1 640 0
1 663 1 22 2 243 0
1 39 0 323 3 479 2
1 38 3 511 1 595 3
2 626 3 339 1 613 2
1 787 3 938 0 344 2
2 658 3 421 0 666 3
2 738 2 290 0 769 0
1 366 3 989 1 32 2
2 918 1 39 3 761 2
2 11 2 84 2 512 1
1 302 3 834 0 242 2
1 861 3 761 0 54 2
2 130 2 851 3 890 0
2 605 0 501 0 354 0
2 618 1 272 1 749 3
1 202 2 283 3 662 3
1 972 0 172 0 426 1
2 384 0 374 1 430 2
2 990 2 303 3 636 2
2 927 1 687 1 408 3
2 546 0 464 3 845 0
1 64 3 460 0 437 1
2 578 3 341 0 282 2
1 745 3 646 3 244 3
2 546 0 787 0 247 2
1 287 1 74 3 296 3
2 46 2 479 0 859 0
1 380 2 165 1 723 0
1 319 2 3 0 926 0
1 248 3 457 0 318 0
1 969 0 244 2 487 3
2 905 2 217 2 516 0
1 860 2 249 0 763 0
2 822 0 798 3 780 1
1 858 0 991 2 603 1
1 618 2 477 2 643 0
1 612 2 392 2 290 1
1 765 0 263 2 472 0
2 933 3 258 3 349 0
1 452 2 42 1 644 0
2 711 2 684 3 446 1
2 589 3 884 2 898 0
2 33 3 495 1 83 3
2 562 3 465 3 816 0
1 120 2 402 2 42 2
2 666 3 11 1 137 1
1 781 2 179 1 335 3
2 67 0 730 2 909 2
1 635 2 905 2 839 3
1 731 0 542 0 22 1
2 674 3 545 1 170 0
1 751 0 334 2 957 0
2 346 0 214 0 570 3
1 134 0 382 0 879 0
2 3 2 521 3 534 3
1 941 0 15 1 515 1
2 725 2 388 2 477 3
2 479 3 124 2 268 2
1 480 2 364 2 667 0
2 931 3 535 2 262 1
2 644 1 436 0 43 0
2 867 1 555 3 335 1
1 190 0 42 3 536 0
1 102 0 926 3 485 3
1 492 3 367 2 525 1
2 452 1 777 0 547 1
1 96 3 149 2 908 1
1 594 1 400 3 289 2
1 892 2 275 2 788 1
2 425 0 2 2 465 0
2 883 1 937 3 674 2
1 266 0 600 0 318 0
2 9 0 6 0 94 0
2 280 1 623 3 659 3
1 377 0 769 1 982 0
1 196 0 405 0 550 0
1 805 0 425 1 630 2
2 430 3 169 2 285 2
1 127 1 884 3 714 0
2 871 1 240 3 850 1
2 532 2 185 3 18 3
2 104 2 31 3 432 1
2 258 0 809 3 846 3
2 317 3 610 2 165 3
2 806 3 132 1 187 3
2 86 1 400 1 972 0
2 887 3 28 2 141 0
1 951 0 511 3 536 2
2 583 1 304 3 80 3
1 122 3 879 1 797 3
2 203 3 88 2 613 3
2 76 2 742 1 555 0
1 110 1 498 0 940 1
1 971 0 545 2 553 3
1 757 2 990 2 428 3
1 284 3 350 2 909 2
1 81 3 287 3 1 3
2 365 0 427 3 938 1
1 531 1 921 1 704 2
1 816 1 520 3 719 0
1 953 2 772 3 211 3
1 908 2 679 1 854 0
1 818 0 825 3 515 3
2 540 1 197 2 343 3
1 583 0 534 1 17 0
1 583 1 57 3 264 2
1 427 3 780 0 992 3
2 170 2 407 2 947 2
2 308 0 335 0 277 0
2 434 3 827 0 663 0
2 721 2 186 3 371 2
1 373 1 842 2 569 3
2 559 2 569 3 835 2
2 850 0 246 2 905 1
2 167 3 462 2 28 2
2 257 2 88 0 792 1
1 955 0 260 3 48 1
2 21 2 225 0 40 1
2 324 0 398 1 359 3
1 615 1 29 0 473 0
2 380 2 678 2 852 1
2 832 2 835 3 268 3
2 392 0 348 0 292 0
1 948 0 217 0 637 1
2 585 2 79 3 766 3
1 45 3 212 0 696 1
1 273 2 928 0 667 2
2 262 1 956 0 489 3
2 874 0 541 0 576 1
2 677 1 873 0 323 1
1 295 0 207 2 820 3
1 411 0 738 1 276 2
1 788 3 853 1 969 1
2 411 1 153 1 847 1
2 862 1 839 1 78 2
1 764 0 447 2 910 0
2 191 0 402 3 940 3
1 297 3 863 1 641 1
2 850 1 259 3 182 0
2 904 0 737 3 381 0
2 463 0 134 2 127 3
2 710 1 676 3 455 0
2 269 1 89 2 957 1
2 461 2 499 2 839 0
2 584 3 152 3 604 0
1 748 1 160 2 746 3
1 845 2 672 2 767 1
2 193 3 711 0 899 2
1 56 2 461 0 154 2
1 565 1 331 0 607 2
2 59 3 690 0 562 1
1 37 2 797 3 509 0
1 766 3 986 1 501 1
1 149 2 641 0 759 3
1 772 3 845 2 775 1
2 685 0 61 3 641 0
2 738 2 101 1 810 3
2 217 0 546 1 797 2
1 66 0 831 0 322 0
1 51 1 295 1 487 0
1 638 1 813 0 792 2
1 287 1 364 1 403 0
2 990 3 448 3 593 3
2 536 2 285 1 337 0
2 654 2 453 3 43 1
2 86 1 657 0 808 1
2 919 0 818 0 603 0
1 891 2 505 0 204 1
2 34 2 27 2 59 0
1 436 1 786 3 288 0
1 338 3 425 2 126 0
2 627 0 96 2 435 3
2 272 3 724 0 679 1
1 897 1 813 3 177 2
2 888 3 416 3 342 0
2 959 0 794 2 118 2
1 670 2 962 3 467 3
1 195 3 998 2 986 0
1 408 0 102 3 982 0
2 512 0 38 0 752 3
1 715 1 411 0 213 3
2 179 1 861 1 856 3
2 130 1 620 0 837 2
1 128 2 805 3 302 0
1 576 1 531 1 350 3
2 181 2 76 2 858 1
2 642 1 597 0 160 2
2 322 0 682 1 652 1
1 103 2 991 2 678 3
2 565 3 838 0 900 2
1 354 2 615 0 700 2
1 181 0 571 0 910 0
2 875 2 222 0 59 0
2 948 0 626 0 939 3
1 418 3 605 1 946 3
2 766 0 741 2 129 1
2 686 3 515 3 923 2
1 197 0 682 2 856 0
1 152 3 774 1 831 2
2 468 3 446 1 628 1
2 910 3 826 2 422 3
1 60 0 895 3 513 3
1 157 1 445 3 237 0
1 2 2 837 0 125 1
1 235 3 888 2 330 2
1 545 1 631 1 389 1
2 958 0 229 2 537 2
1 592 0 985 0 289 1
1 84 3 726 3 226 3
2 796 3 530 2 582 1
2 538 0 411 1 79 0
1 262 1 960 3 945 3
1 183 2 687 1 595 1
1 513 0 235 1 788 2
2 672 3 36 2 889 0
2 696 0 98 2 256 3
1 27 1 679 0 865 0
2 345 2 181 1 479 0
1 335 0 233 2 55 1
1 836 2 795 2 15 2
1 468 1 447 0 249 1
2 158 3 393 0 690 3
1 975 1 974 3 669 1
1 221 2 64 1 915 3
2 651 2 104 2 755 3
1 441 2 263 3 468 2
1 330 3 644 1 248 2
2 392 1 431 0 750 1
2 799 2 943 0 77 1
2 183 0 258 2 257 0
2 161 0 709 2 95 3
2 113 2 119 2 183 1
1 225 1 864 0 876 0
2 532 1 242 3 173 2
1 813 3 74 1 461 1
1 452 0 628 1 222 1
1 303 2 192 2 268 2
2 855 3 353 1 97 3
2 624 3 284 3 136 1
1 348 2 986 2 79 3
1 148 2 202 0 558 1
1 375 0 28 1 261 0
2 405 0 874 3 449 3
2 298 2 383 2 307 1
2 280 2 218 0 1 2
1 102 3 137 2 340 0
1 566 3 489 2 422 3
1 673 0 136 1 535 1
1 132 1 511 2 448 2
1 948 3 533 1 259 2
1 767 2 491 0 788 1
1 611 2 783 0 996 3
1 696 0 444 0 723 0
1 763 0 66 1 469 1
1 227 1 711 3 886 1
1 227 3 63 0 483 0
2 287 0 883 2 27 1
2 548 1 392 3 212 0
1 586 1 977 0 86 2
2 782 0 959 0 398 3
1 777 2 800 0 935 0
2 241 0 729 0 534 2
2 123 1 563 0 440 1
1 786 2 314 1 403 3
2 33 2 42 0 795 3
2 213 2 838 1 46 1
1 188 0 104 3 524 1
1 386 1 330 1 529 1
2 533 3 465 1 524 1
2 855 1 639 2 201 2
1 608 2 857 0 781 3
2 469 0 28 1 435 3
1 551 3 930 2 458 2
1 82 3 102 0 760 2
2 263 0 488 2 312 3
1 136 0 153 1 942 1
2 76 0 230 2 78 3
2 879 2 540 0 165 2
2 4 0 703 1 378 2
2 825 0 133 1 260 1
2 178 2 443 2 387 3
2 211 1 404 1 547 3
2 158 0 328 1 715 1
1 594 0 995 1 124 3
2 950 1 962 3 800 0
1 439 3 604 0 834 2
1 865 3 161 1 660 2
1 9 0 824 3 417 3
1 43 1 831 2 577 3
2 363 0 883 2 339 3
1 798 2 981 1 621 2
2 908 0 844 3 863 3
1 458 0 901 1 636 2
1 502 0 186 3 350 2
1 266 1 434 2 837 1
2 82 2 520 3 41 2
2 532 3 688 3 110 0
1 709 0 312 0 101 3
1 471 3 257 3 963 3
2 819 3 939 0 909 2
1 163 1 558 0 387 2
1 383 3 224 0 86 1
1 742 1 123 0 400 2
1 393 1 448 0 220 0
2 932 0 783 0 88 1
2 492 2 188 2 36 0
1 219 2 899 0 922 0
1 743 0 34 0 126 3
2 760 3 307 0 234 0
2 697 3 817 0 751 0
2 484 3 980 2 262 1
1 227 1 251 1 501 0
2 872 0 215 3 109 1
2 404 2 861 0 468 0
2 223 3 631 0 461 1
2 915 3 783 0 964 0
2 770 2 386 3 634 2
1 992 1 860 2 202 1
1 920 1 767 3 744 2
2 748 3 413 3 353 2
2 504 2 578 1 894 3
2 148 0 589 1 627 1
1 172 1 393 0 150 0
2 446 0 718 0 33 3
2 5 3 269 1 899 3
1 582 2 872 3 575 3
1 84 2 871 2 349 3
1 545 3 588 1 211 1
2 993 0 967 3 981 2
2 963 2 953 0 305 2
1 767 1 519 2 503 1
2 74 3 618 2 640 0
2 184 0 706 2 730 3
1 688 0 640 1 1 2
1 911 1 372 3 685 1
2 219 3 887 1 587 2
2 532 0 647 3 671 1
1 834 0 636 2 900 2
1 596 0 762 3 678 1
1 344 0 192 2 843 1
2 448 1 830 1 87 1
1 719 2 721 0 760 2
1 221 1 831 3 312 2
2 469 2 568 1 79 0
2 476 0 153 0 517 0
1 2 2 256 0 841 1
1 862 0 237 0 875 2
1 561 3 353 2 587 1
2 384 3 551 3 439 2
2 416 1 299 3 703 3
2 321 2 503 1 82 3
2 379 1 63 3 568 2
2 483 2 205 1 603 2
1 481 0 548 2 801 0
2 350 0 405 3 314 3
2 529 1 140 2 158 1
2 754 3 300 2 64 0
1 562 2 193 2 72 1
2 69 2 648 2 998 1
2 696 0 603 0 694 1
1 164 2 778 3 1 1
1 127 3 478 2 716 1
1 322 1 356 0 934 1
2 468 3 416 2 431 2
2 151 2 286 2 18 2
2 6 2 517 0 493 1
1 42 1 925 3 635 1
1 241 3 514 2 875 1
2 877 1 335 3 523 2
2 648 2 850 3 289 0
1 973 0 945 2 665 2
2 598 0 517 2 519 3
2 181 3 393 3 158 2
2 463 3 131 1 354 3
1 882 0 880 3 601 2
2 157 2 887 1 141 3
1 226 2 570 3 156 3
1 983 1 548 0 31 2
2 624 2 406 2 99 2
1 755 2 251 1 901 0
2 610 3 538 3 894 2
2 159 3 0 1 376 2
1 234 1 903 1 890 0
2 262 1 356 2 181 1
2 923 1 255 0 601 2
2 441 2 196 2 142 2
1 967 1 461 0 658 1
2 97 2 669 1 108 3
2 597 0 11 0 203 0
2 665 1 534 1 527 1
2 278 1 592 1 753 3
2 321 3 277 0 768 2
2 771 1 698 2 856 1
2 689 3 608 2 487 3
1 524 0 144 0 87 2
1 365 3 254 2 922 2
2 350 2 95 2 635 1
1 5 1 423 1 0 2
2 633 1 738 3 591 2
1 882 1 249 1 1 1
2 902 2 189 2 755 3
2 797 3 677 2 850 1
2 8 2 566 0 613 1
1 70 0 528 0 255 0
1 517 0 531 2 133 2
2 995 0 343 3 59 3
1 536 0 347 0 411 0
1 952 2 500 2 84 1
1 762 3 273 3 74 0
2 762 0 662 0 322 1
1 898 2 611 1 898 1
1 16 2 976 0 587 0
2 343 0 441 1 661 0
1 718 1 417 3 199 2
2 825 1 979 2 491 3
1 311 3 632 2 580 0
2 250 1 856 1 982 0
2 39 1 173 3 206 0
2 701 0 571 1 863 2
1 26 2 974 0 350 3
2 89 2 243 0 819 2
1 945 3 195 3 246 1
2 730 0 131 3 360 1
2 697 0 819 0 420 3
1 138 0 927 2 421 2
2 541 0 557 0 995 3
2 510 0 43 3 669 2
2 652 2 120 2 73 2
2 729 0 788 2 159 1
1 105 3 296 0 653 0
2 168 2 527 3 592 2
1 135 1 986 3 944 3
1 847 0 673 3 40 0
1 604 0 473 2 18 0
2 867 0 912 3 995 0
1 459 0 187 1 959 2
1 217 1 255 2 644 3
2 797 1 371 1 438 3
2 773 2 599 3 420 1
1 277 3 487 2 523 1
2 881 3 284 2 679 3
2 613 1 484 3 500 0
1 896 2 885 1 375 1
2 371 1 88 1 837 2
2 835 3 594 1 731 0
1 781 1 703 1 268 2
2 909 2 336 3 869 0
2 981 2 603 2 263 2
1 900 0 578 3 142 0
1 361 0 655 2 867 3
1 84 0 281 0 235 3
1 280 0 117 3 983 1
1 648 1 440 1 637 2
2 520 0 559 0 459 3
2 598 2 330 3 315 3
1 924 2 481 3 534 0
2 740 2 329 0 657 2
2 133 1 606 0 890 2
2 319 1 845 1 400 3
2 793 2 48 3 876 3
1 718 0 158 3 251 2
2 694 3 860 3 795 0
1 923 3 7 3 764 1
1 573 2 624 3 377 3
1 278 3 445 3 865 1
1 672 3 811 0 453 3
2 723 1 233 2 879 0
1 290 0 329 1 110 2
1 348 3 515 0 470 0
1 679 1 289 1 712 3
1 774 2 398 3 807 1
1 943 3 695 2 378 2
1 550 0 281 2 444 0
1 59 2 799 2 183 2
2 291 1 698 3 392 3
1 273 0 970 3 924 2
1 465 2 588 3 50 3
2 899 3 539 1 673 3
2 268 1 972 2 474 2
1 322 2 649 3 477 3
2 388 0 951 3 84 1
1 114 3 593 3 990 1
1 223 2 841 1 485 1
1 400 1 626 2 654 3
1 364 3 27 2 581 1
1 63 2 603 2 0 3
2 902 2 386 2 141 2
2 52 2 3 1 427 1
2 57 0 743 1 923 2
1 519 0 161 0 491 1
2 689 3 774 3 160 1
1 882 2 251 2 925 3
2 29 3 924 3 112 3
2 353 2 553 1 392 0
1 664 0 75 3 216 2
1 132 0 312 0 23 1
2 439 1 738 1 156 0
2 259 3 130 0 579 3
1 66 3 538 2 849 0
2 647 1 765 1 509 3
2 610 1 650 1 359 3
1 365 1 467 2 977 3
1 869 1 827 1 810 0
1 311 1 156 3 243 3
1 755 0 688 1 325 3
1 633 2 323 1 664 0
1 180 3 971 1 849 2
1 446 2 588 0 717 0
1 152 0 913 0 814 2
1 208 3 107 3 927 0
1 16 2 369 3 38 1
2 828 3 191 3 116 1
2 98 1 171 2 687 1
1 998 0 544 2 888 0
2 50 2 947 1 274 1
2 96 3 198 0 845 0
1 843 1 572 3 675 0
1 481 1 550 1 13 2
2 813 3 536 2 697 3
1 343 3 130 0 785 1
2 721 2 538 2 353 0
1 381 2 694 2 888 3
2 887 2 891 3 654 1
1 985 1 305 0 900 1
1 620 3 620 3 307 0
2 448 3 296 1 219 2
1 387 2 914 1 127 2
1 409 1 690 0 510 3
1 342 0 136 1 856 3
2 226 0 346 0 358 0
2 855 2 267 3 174 3
2 379 0 650 2 953 3
1 600 0 801 2 304 0
2 783 2 547 1 262 3
1 201 3 274 0 329 2
1 394 0 968 1 764 0
1 707 0 870 1 952 2
2 24 1 73 1 198 1
1 428 2 80 3 466 2
1 79 0 855 0 555 1
2 574 3 696 3 287 1
1 639 0 906 1 694 1
2 682 1 193 1 877 2
2 994 3 857 2 694 0
2 999 3 413 3 561 0
2 669 2 846 2 919 2
2 752 2 459 0 810 3
1 185 1 739 2 239 2
1 739 1 488 1 345 2
2 539 0 30 3 699 2
1 935 3 7 2 291 2
1 376 2 25 1 450 1
2 105 1 259 0 163 3
1 574 0 483 1 40 3
2 466 0 30 1 670 0
1 245 3 718 0 399 1
2 269 0 535 2 456 3
1 156 2 6 0 317 1
2 287 0 543 3 506 1
1 423 1 841 3 403 1
2 742 1 158 3 744 3
1 818 3 318 2 807 1
2 34 2 685 3 465 2
2 910 2 554 1 70 0
1 19 2 428 1 42 1
2 699 3 569 0 184 2
2 252 1 476 3 66 3
2 466 1 134 1 840 3
2 26 3 9 2 116 1
2 353 2 644 2 571 3
2 989 0 757 3 786 3
2 34 0 331 0 177 0
2 504 0 942 2 843 2
1 454 0 854 2 695 3
2 94 0 810 3 867 3
2 62 2 423 2 996 1
1 25 2 154 1 561 0
2 511 1 358 0 884 1
2 126 1 756 0 160 2
1 154 1 776 0 792 2
2 489 0 900 2 354 0
2 602 1 127 2 360 0
1 242 2 345 2 481 0
1 435 1 78 0 507 0
2 61 1 333 3 675 1
1 699 2 134 0 267 3
2 449 2 668 2 225 1
2 522 1 120 3 341 3
1 819 2 35 2 416 2
1 235 1 222 1 247 1
2 173 0 817 1 861 2
1 676 3 836 2 189 1
1 471 0 368 3 160 1
2 323 0 320 0 29 1
2 437 3 417 2 715 3
2 211 0 110 3 855 2
1 328 2 563 0 933 0
2 431 3 820 3 683 0
2 920 3 445 2 201 3
2 880 2 826 3 435 2
1 552 0 798 2 449 0
2 695 1 179 3 962 0
2 346 2 83 0 276 2
2 904 2 189 3 845 0
1 558 1 939 3 770 2
2 692 1 648 1 218 0
1 95 3 697 1 402 3
2 862 1 380 3 374 0
2 841 2 49 0 332 2
1 583 0 256 0 543 3
2 642 3 84 2 154 0
2 37 1 692 2 977 3
1 9 2 647 1 948 1
2 792 0 35 3 121 2
2 636 3 637 2 29 3
1 759 3 342 3 667 0
2 577 0 153 1 866 3
2 905 1 611 0 631 2
1 639 3 35 2 462 2
2 684 1 17 0 698 3
2 643 1 816 1 740 0
2 393 0 703 2 679 2
2 727 0 504 0 483 2
2 445 3 764 1 553 0
1 18 2 182 0 587 2
2 307 1 60 3 50 3
1 967 0 333 0 497 1
2 66 1 198 2 998 3
1 663 0 921 0 375 3
2 190 0 712 1 696 2
2 695 1 137 0 201 3
2 457 0 998 3 971 3
2 305 2 380 3 752 1
1 976 2 414 1 960 3
1 292 2 819 0 412 2
1 250 1 228 1 765 1
2 14 1 508 0 142 0
1 206 0 397 0 428 1
2 631 1 785 1 2 1
2 707 1 395 1 17 0
1 451 3 214 2 974 0
1 695 0 488 3 56 1
2 942 0 982 2 204 2
1 393 0 132 3 72 0
1 253 3 480 2 162 1
1 963 0 704 3 229 3
2 980 2 718 3 767 3
2 971 0 304 2 721 1
2 620 0 730 1 985 3
2 13 2 651 2 757 3
1 194 1 530 2 510 1
2 129 0 247 1 327 1
2 617 3 227 3 626 0
2 949 1 993 3 110 1
2 732 0 838 1 7 3
1 145 3 431 1 511 3
1 201 2 818 3 122 1
2 96 1 153 0 548 0
1 279 3 581 3 194 0
2 943 2 533 3 813 2
2 941 3 222 0 314 1
2 848 3 69 2 133 3
2 922 1 83 2 615 3
1 385 3 212 1 987 0
2 605 2 273 0 381 0
2 909 2 351 2 623 2
2 183 1 409 1 707 1
1 604 0 203 0 413 0
2 260 0 678 2 378 1
1 53 3 17 1 262 2
1 223 2 408 1 144 1
1 318 2 555 1 538 2
2 838 2 215 0 57 1
2 408 3 196 3 50 0
2 328 2 426 0 540 0
2 824 2 38 0 286 1
2 404 2 178 3 399 3
2 738 0 500 3 842 2
1 638 3 310 0 311 1
1 960 3 677 1 768 1
1 314 2 89 0 401 3
2 355 1 149 0 469 0
1 953 1 978 0 887 2
1 386 2 615 3 258 0
1 343 0 978 3 17 0
1 460 0 400 0 765 3
2 70 3 454 2 708 0
2 628 3 968 0 193 3
2 964 3 554 3 474 2
2 484 2 424 2 114 0
1 563 2 668 2 872 1
2 637 2 362 3 331 3
1 479 1 321 2 865 2
2 926 3 714 0 25 1
1 7 3 780 0 144 1
2 420 3 718 1 233 0
2 95 1 187 1 404 0
2 200 1 668 3 774 1
1 924 2 241 2 114 2
1 519 3 162 0 707 1
1 560 1 308 0 564 2
1 275 2 155 3 864 1
1 492 2 169 3 709 0
2 403 3 989 0 131 3
2 378 2 581 1 127 1
2 900 1 537 1 410 3
2 868 3 384 3 368 2
2 192 2 705 2 627 1
1 491 3 362 1 497 0
1 382 2 289 2 517 2
2 503 0 289 0 896 3
2 873 1 405 0 672 3
1 38 2 203 2 675 0
1 760 1 705 3 166 1
2 476 2 384 2 52 1
2 884 0 814 0 638 3
1 444 0 205 0 863 2
2 54 1 216 3 430 3
1 839 0 498 0 76 3
1 901 1 35 1 420 0
2 561 3 795 1 224 2
1 875 3 317 3 289 0
2 547 2 954 1 286 3
2 808 2 686 3 190 0
1 777 0 642 3 657 1
2 212 1 53 3 523 3
2 588 2 309 2 146 3
1 301 1 534 0 348 3
2 714 2 305 3 520 1
1 582 0 849 2 331 2
1 590 2 39 1 107 3
1 386 3 722 0 261 0
2 414 2 914 0 805 3
2 108 1 874 1 622 3
2 409 2 347 2 959 2
2 137 3 478 3 799 1
2 628 0 801 3 943 3
2 855 2 671 0 256 2
2 119 3 774 2 673 3
1 209 0 529 3 524 1
2 222 2 61 0 673 3
2 260 0 26 1 921 1
2 111 0 306 3 624 2
2 817 3 347 3 681 3
2 32 1 807 3 725 2
2 259 0 461 0 866 1
2 304 3 889 2 915 2
2 51 2 320 3 501 3
2 298 2 597 3 622 2
2 157 1 143 3 621 3
2 122 3 526 0 352 2
1 636 0 927 3 290 0
1 954 1 217 1 376 3
2 700 0 119 3 679 3
2 117 0 957 2 454 1
1 830 3 455 2 200 2
2 784 3 228 3 825 0
2 684 0 892 0 285 3
1 187 1 289 0 783 0
2 827 3 684 1 26 1
1 900 0 89 1 344 2
2 408 1 632 0 711 3
2 310 0 185 1 42 3
1 383 0 901 3 252 0
2 960 2 736 1 751 2
2 296 0 889 0 901 2
2 77 1 843 2 563 3
2 221 1 317 2 219 2
1 426 0 275 3 474 0
2 551 3 383 3 552 1
2 708 2 16 3 112 1
2 694 1 354 2 855 3
2 741 2 496 3 792 3
2 283 3 803 1 794 2
1 405 2 510 2 667 3
1 428 0 642 2 691 2
2 425 3 828 2 498 3
2 86 2 205 1 787 0
1 278 0 506 0 355 0
1 586 2 400 0 2 2
1 708 2 260 3 418 2
2 978 2 670 1 23 2
1 958 3 782 1 82 1
2 869 3 0 0 909 0
1 683 3 759 2 391 3
2 356 2 845 2 748 3
2 169 2 971 3 642 2
2 158 1 800 2 269 3
1 331 3 744 2 982 2
2 701 2 594 3 737 0
2 815 2 248 3 818 0
2 492 3 253 3 925 2
1 529 0 601 1 228 1
2 113 2 953 3 304 3
1 216 3 40 3 942 2
2 765 1 318 1 306 0
1 858 0 309 3 46 1
1 212 3 595 3 89 1
2 114 2 368 3 703 2
1 111 1 470 3 540 2
1 251 2 716 1 475 3
2 52 2 124 2 798 0
1 459 0 77 1 776 1
2 272 0 756 1 287 1
1 661 3 739 3 410 3
2 802 2 769 2 312 1
1 762 0 290 3 952 3
2 533 0 376 3 371 1
1 243 2 666 1 389 2
2 597 1 138 2 663 2
1 511 1 682 0 643 0
1 697 1 885 3 940 1
2 843 0 534 2 977 1
1 595 1 921 2 462 0
2 205 0 94 2 793 2
2 810 1 568 1 556 0
2 533 0 123 0 354 3
2 8 3 600 3 648 0
2 351 3 533 2 721 1
1 793 3 695 1 985 1
2 145 2 552 1 411 2
1 682 2 232 1 655 1
1 989 1 518 2 942 3
1 528 0 143 1 329 1
1 665 3 383 2 668 2
1 900 0 372 3 355 0
2 123 3 92 2 752 1
2 530 1 969 2 524 2
1 246 1 175 3 787 3
1 564 0 318 2 117 1
1 54 2 426 0 252 0
1 828 1 136 1 47 2
2 585 3 952 0 486 2
1 328 1 742 2 649 3
2 596 1 676 3 294 0
1 388 1 66 2 452 3
2 771 1 812 3 349 3
1 822 3 991 1 886 2
1 91 3 374 3 604 0
2 277 0 693 3 448 0
2 77 3 369 0 599 1
1 703 3 374 3 732 2
1 167 2 383 0 206 1
2 526 0 707 1 571 2
1 354 3 33 2 524 2
1 776 3 294 0 95 2
2 386 3 158 1 778 1
1 270 2 340 3 209 1
1 208 3 37 2 796 0
1 996 0 265 3 322 2
1 860 0 705 3 937 1
2 885 1 362 1 450 2
1 896 1 503 1 58 0
1 94 2 308 2 791 2
2 417 0 781 0 961 2
2 369 2 346 0 741 1
2 620 2 740 0 277 1
2 678 1 445 3 196 0
1 412 0 633 2 82 1
1 115 2 623 3 455 1
2 387 2 958 2 22 2
2 479 0 711 3 243 2
2 917 0 316 1 357 3
2 43 3 126 2 549 3
2 460 1 611 0 803 1
2 341 1 442 3 197 1
1 103 2 878 0 380 0
1 871 3 805 2 563 0
2 107 1 875 1 383 2
1 862 3 824 1 191 0
2 462 3 2 3 872 0
1 268 2 89 2 66 3
2 117 1 991 1 886 2
2 421 2 356 3 476 3
1 86 0 166 0 145 2
1 887 1 412 0 78 1
2 719 0 738 0 705 3
1 5 2 43 3 69 3
1 612 3 437 1 992 0
1 629 2 614 0 185 2
2 628 1 619 3 610 2
2 792 0 699 2 418 2
1 513 2 265 0 711 2
1 146 0 936 1 718 1
1 846 1 551 2 553 1
2 174 3 691 1 987 1
2 73 2 964 0 765 2
1 390 2 931 2 846 1
1 200 0 409 3 286 2
2 959 2 927 2 475 1
1 439 0 373 3 728 0
1 637 3 585 0 345 0
1 597 1 980 3 299 2
2 165 1 14 0 331 2
1 494 2 348 2 472 1
2 296 2 526 1 777 2
1 909 0 766 2 393 3
2 577 2 670 2 562 3
2 28 1 211 3 188 0
1 230 1 441 0 772 0
1 17 0 41 1 870 1
2 651 2 871 2 290 0
1 166 0 115 0 870 1
1 971 0 896 2 541 2
2 197 1 848 0 571 1
2 90 0 161 0 70 0
2 897 0 956 3 312 2
2 582 1 907 2 393 0
2 385 1 920 1 280 3
2 71 2 891 0 823 3
1 610 0 843 3 545 1
2 694 0 995 1 62 2
2 27 2 132 0 362 2
1 56 1 43 0 941 0
1 3 1 730 1 343 1
1 141 2 865 1 314 1
2 869 0 4 2 990 3
2 488 2 133 0 521 2
1 954 1 276 3 122 2
1 522 2 833 1 762 3
2 211 0 139 3 250 2
2 769 2 631 2 68 3
1 224 0 400 3 98 1
1 932 1 937 1 759 0
1 626 1 689 1 304 2
1 292 2 136 0 741 1
2 656 3 687 0 842 3
1 845 1 736 1 581 1
2 954 0 570 2 127 2
2 349 3 453 0 240 2
2 90 0 623 1 747 3
2 528 0 200 0 542 1
1 750 1 589 0 19 1
2 988 3 236 0 196 0
1 952 3 862 3 354 2
1 132 1 136 0 95 0
2 917 2 197 2 304 3
1 421 3 238 0 544 3
2 277 2 843 3 292 1
1 66 1 227 3 913 1
2 574 2 175 1 264 2
1 781 3 268 1 538 2
2 326 0 716 0 493 2
1 698 1 364 0 333 2
2 516 0 409 3 15 0
1 199 1 131 2 9 1
2 563 0 832 1 259 2
2 167 1 816 2 34 0
2 457 2 406 0 789 3
1 367 3 916 2 501 1
1 923 1 645 1 981 1
1 108 2 10 2 493 1
2 438 1 661 3 157 3
1 843 1 122 1 735 2
1 194 2 0 2 365 2
2 334 3 271 3 774 3
1 515 2 94 3 516 2
1 624 1 345 3 137 3
2 948 3 840 2 270 1
1 431 3 696 3 702 0
2 636 1 641 0 505 1
2 426 1 864 2 418 1
1 909 0 775 3 657 2
1 216 0 230 2 409 1
2 81 2 56 2 955 0
1 267 0 426 0 309 2
1 152 3 717 1 559 2
2 681 2 559 2 949 2
2 925 2 593 2 22 3
1 277 3 921 0 99 0
2 59 3 298 2 221 1
1 599 3 965 2 857 0
1 128 1 178 2 79 1
1 968 0 994 2 35 3
1 622 1 428 3 483 0
1 596 0 359 0 76 3
2 237 0 828 0 989 0
2 646 3 543 0 336 1
2 667 2 49 1 366 3
1 65 1 757 0 605 1
1 769 0 5 2 70 0
1 57 1 85 0 58 3
1 76 3 107 0 481 2
1 385 2 545 2 982 3
1 509 1 648 3 20 1
1 503 2 318 2 227 2
1 274 0 893 1 996 2
1 293 1 335 1 547 0
1 440 1 987 0 686 3
1 44 2 347 3 559 2
2 520 0 48 2 917 3
1 394 3 223 0 268 1
2 162 0 685 2 862 2
1 981 3 976 2 178 0
2 641 0 747 0 96 0
2 5 0 982 0 302 0
1 472 0 178 1 140 0
2 404 3 992 3 209 2
2 805 0 544 0 400 1
2 82 2 876 0 995 0
2 585 1 280 0 894 2
1 225 1 348 2 385 3
2 608 2 597 1 319 1
1 581 2 403 0 776 1
1 231 2 128 3 756 3
2 992 3 118 0 332 3
2 840 0 741 1 619 3
1 821 1 537 1 317 2
1 33 2 803 2 173 2
1 688 2 690 2 456 1
2 510 0 187 1 718 3
1 41 3 800 2 98 0
1 868 3 281 3 848 0
2 520 1 686 3 292 0
1 755 3 245 3 361 2
2 357 2 999 1 167 1
1 800 1 663 0 971 0
1 777 2 666 2 870 2
2 431 3 512 0 695 2
1 216 3 444 3 928 3
1 34 2 270 2 737 3
1 932 2 504 1 153 2
2 871 2 427 0 33 0
2 25 3 771 0 698 1
2 730 2 919 3 529 3
1 453 2 155 0 284 2
1 749 1 879 3 651 1
1 842 0 345 1 917 2
2 120 3 309 1 707 0
2 81 1 190 2 135 1
1 419 1 533 2 53 1
1 764 2 135 2 465 1
2 172 1 2 1 251 1
1 386 3 206 0 750 2
2 876 2 52 1 831 1
2 77 0 271 3 722 2
2 809 2 943 2 656 0
2 641 2 757 3 707 0
1 107 0 367 1 119 1
2 790 1 708 2 168 1
1 201 1 303 2 829 1
2 565 1 316 0 574 0
2 183 1 584 2 495 2
2 62 2 578 0 294 2
2 139 1 615 0 564 0
2 303 3 80 2 439 2
2 589 3 130 0 965 2
1 542 3 920 0 232 2
2 23 2 48 0 87 3
1 155 0 425 3 238 3
1 475 1 112 3 353 1
2 33 3 783 3 265 0
2 424 1 575 3 609 3
1 645 1 372 2 920 2
2 605 1 964 3 902 1
1 533 1 164 1 321 0
1 204 3 130 1 103 0
2 874 3 761 1 261 0
2 806 2 402 3 360 2
1 177 1 555 0 138 0
2 370 0 127 1 534 3
2 657 0 206 3 550 2
1 304 2 207 2 193 0
1 336 2 927 3 943 1
2 299 0 222 1 779 0
1 42 1 449 0 426 3
2 106 1 501 3 206 0
1 973 0 206 2 950 0
2 272 2 280 1 49 2
1 672 1 908 2 973 2
1 511 2 909 1 927 1
2 122 3 454 2 579 2
1 55 3 789 1 832 3
2 502 3 861 0 415 2
1 91 2 803 0 959 0
2 804 2 206 1 879 1
2 20 2 336 3 587 2
1 851 0 761 3 181 2
1 27 0 722 0 676 1
2 361 0 726 1 330 2
1 233 0 570 0 270 3
2 940 1 659 0 301 2
1 389 2 180 3 590 0
1 698 0 169 3 745 0
2 160 1 833 3 725 0
1 191 0 499 1 792 3
2 522 3 923 1 266 0
1 389 1 730 1 263 1
1 301 3 639 2 343 1
2 296 0 10 2 158 1
2 242 1 390 0 807 0
2 78 0 200 0 546 2
1 292 0 386 3 853 1
1 368 2 119 1 611 3
1 418 1 362 0 36 0
1 214 0 616 2 86 2
2 671 2 323 2 804 1
2 582 3 291 0 159 0
1 778 3 122 1 426 3
