<Qucs Dataset 0.0.19>
<indep time 150>
  +0.00000000000000000000e+000
  +6.71140939597315508425e-004
  +1.34228187919463101685e-003
  +2.01342281879194652527e-003
  +2.68456375838926203370e-003
  +3.35570469798657754212e-003
  +4.02684563758389305055e-003
  +4.69798657718120855897e-003
  +5.36912751677852406740e-003
  +6.04026845637583957582e-003
  +6.71140939597315508425e-003
  +7.38255033557047059267e-003
  +8.05369127516778610110e-003
  +8.72483221476510160952e-003
  +9.39597315436241711795e-003
  +1.00671140939597326264e-002
  +1.07382550335570481348e-002
  +1.14093959731543636432e-002
  +1.20805369127516791516e-002
  +1.27516778523489946601e-002
  +1.34228187919463101685e-002
  +1.40939597315436256769e-002
  +1.47651006711409411853e-002
  +1.54362416107382566938e-002
  +1.61073825503355722022e-002
  +1.67785234899328859759e-002
  +1.74496644295302032190e-002
  +1.81208053691275169927e-002
  +1.87919463087248342359e-002
  +1.94630872483221480096e-002
  +2.01342281879194652527e-002
  +2.08053691275167790264e-002
  +2.14765100671140962696e-002
  +2.21476510067114100433e-002
  +2.28187919463087272864e-002
  +2.34899328859060410601e-002
  +2.41610738255033583033e-002
  +2.48322147651006720770e-002
  +2.55033557046979893201e-002
  +2.61744966442953030938e-002
  +2.68456375838926203370e-002
  +2.75167785234899341107e-002
  +2.81879194630872513538e-002
  +2.88590604026845651275e-002
  +2.95302013422818823707e-002
  +3.02013422818791961444e-002
  +3.08724832214765133875e-002
  +3.15436241610738271612e-002
  +3.22147651006711444044e-002
  +3.28859060402684616475e-002
  +3.35570469798657719518e-002
  +3.42281879194630891949e-002
  +3.48993288590604064381e-002
  +3.55704697986577167423e-002
  +3.62416107382550339855e-002
  +3.69127516778523512286e-002
  +3.75838926174496684718e-002
  +3.82550335570469787760e-002
  +3.89261744966442960192e-002
  +3.95973154362416132623e-002
  +4.02684563758389305055e-002
  +4.09395973154362408097e-002
  +4.16107382550335580529e-002
  +4.22818791946308752960e-002
  +4.29530201342281925392e-002
  +4.36241610738255028434e-002
  +4.42953020134228200866e-002
  +4.49664429530201373297e-002
  +4.56375838926174545729e-002
  +4.63087248322147648771e-002
  +4.69798657718120821203e-002
  +4.76510067114093993634e-002
  +4.83221476510067166066e-002
  +4.89932885906040269108e-002
  +4.96644295302013441540e-002
  +5.03355704697986613971e-002
  +5.10067114093959786403e-002
  +5.16778523489932889445e-002
  +5.23489932885906061877e-002
  +5.30201342281879234308e-002
  +5.36912751677852406740e-002
  +5.43624161073825509782e-002
  +5.50335570469798682214e-002
  +5.57046979865771854645e-002
  +5.63758389261745027077e-002
  +5.70469798657718130119e-002
  +5.77181208053691302551e-002
  +5.83892617449664474982e-002
  +5.90604026845637647414e-002
  +5.97315436241610750456e-002
  +6.04026845637583922888e-002
  +6.10738255033557095319e-002
  +6.17449664429530267751e-002
  +6.24161073825503370793e-002
  +6.30872483221476543225e-002
  +6.37583892617449715656e-002
  +6.44295302013422888088e-002
  +6.51006711409396060519e-002
  +6.57718120805369232951e-002
  +6.64429530201342266604e-002
  +6.71140939597315439036e-002
  +6.77852348993288611467e-002
  +6.84563758389261783899e-002
  +6.91275167785234956330e-002
  +6.97986577181208128762e-002
  +7.04697986577181301193e-002
  +7.11409395973154334847e-002
  +7.18120805369127507278e-002
  +7.24832214765100679710e-002
  +7.31543624161073852141e-002
  +7.38255033557047024573e-002
  +7.44966442953020197004e-002
  +7.51677852348993369436e-002
  +7.58389261744966541867e-002
  +7.65100671140939575521e-002
  +7.71812080536912747952e-002
  +7.78523489932885920384e-002
  +7.85234899328859092815e-002
  +7.91946308724832265247e-002
  +7.98657718120805437678e-002
  +8.05369127516778610110e-002
  +8.12080536912751782541e-002
  +8.18791946308724816195e-002
  +8.25503355704697988626e-002
  +8.32214765100671161058e-002
  +8.38926174496644333489e-002
  +8.45637583892617505921e-002
  +8.52348993288590678352e-002
  +8.59060402684563850784e-002
  +8.65771812080537023215e-002
  +8.72483221476510056869e-002
  +8.79194630872483229300e-002
  +8.85906040268456401732e-002
  +8.92617449664429574163e-002
  +8.99328859060402746595e-002
  +9.06040268456375919026e-002
  +9.12751677852349091458e-002
  +9.19463087248322263889e-002
  +9.26174496644295297543e-002
  +9.32885906040268469974e-002
  +9.39597315436241642406e-002
  +9.46308724832214814837e-002
  +9.53020134228187987269e-002
  +9.59731543624161159700e-002
  +9.66442953020134332132e-002
  +9.73154362416107504563e-002
  +9.79865771812080538217e-002
  +9.86577181208053710648e-002
  +9.93288590604026883080e-002
  +1.00000000000000005551e-001
</indep>
<dep Pr1.Vt time>
  +0.00000000000000000000e+000
  +3.25709344931590649708e-005
  +6.59281058582620538289e-001
  +1.63007660269151943844e+000
  +2.40837918222347102670e+000
  +2.92682338618276549624e+000
  +3.14796843504479983977e+000
  +3.05646991630541897678e+000
  +2.65864467367889956151e+000
  +1.98256030168778130118e+000
  +1.08048320675857989492e+000
  +9.17587526623400151493e-002
  +2.20085616398080219369e-011
  +1.50559298361940818722e-009
  +2.38251861158167099752e-001
  +1.24326790220121630171e+000
  +2.11269951745344819471e+000
  +2.74530256619337720281e+000
  +3.09343100329028164452e+000
  +3.13267600293429504532e+000
  +2.86033034538275332537e+000
  +2.29535578454245703384e+000
  +1.47912024045444834286e+000
  +4.88284204433582447180e-001
  +6.16055110813640283141e-007
  +2.25235108342047851693e-012
  +1.60115905355318055570e-003
  +8.29611248706789927709e-001
  +1.77552036103938837286e+000
  +2.51412807422047457351e+000
  +2.98500922461299511568e+000
  +3.15452756186479499334e+000
  +3.01095105868842294328e+000
  +2.56420644494294691640e+000
  +1.84605931375305698516e+000
  +9.13991641496888385099e-001
  +9.58896610447146358069e-003
  +3.33566507748628282570e-013
  +8.35359950102088077983e-008
  +4.03386712227802202158e-001
  +1.40170134299062532079e+000
  +2.23618868235884260542e+000
  +2.82400842644832161810e+000
  +3.12176329088328019523e+000
  +3.10867953433429011767e+000
  +2.78565956458823960062e+000
  +2.17529244162329149503e+000
  +1.32306330309217790031e+000
  +3.19685520440822990018e-001
  +1.12225990167580391699e-008
  +2.24609220111915419693e-012
  +3.80994988551871527349e-002
  +9.97653719864722288158e-001
  +1.91508602746446587872e+000
  +2.61238669942138024282e+000
  +3.03477511772435804005e+000
  +3.15234083774916573617e+000
  +2.95696214348758212864e+000
  +2.46217685611122849565e+000
  +1.70351133672864207824e+000
  +7.44650448792993358005e-001
  +2.32310614380892843656e-004
  -1.94231436489999964579e-012
  +4.50273584284843764181e-006
  +5.73725382340645295720e-001
  +1.55526300426094898910e+000
  +2.35276258894900225371e+000
  +2.89460756711731104218e+000
  +3.14141244470806935141e+000
  +3.07602501155357543894e+000
  +2.70295729417399099859e+000
  +2.04844372231695226461e+000
  +1.16238282905682677182e+000
  +1.61010583699088938303e-001
  +1.93097982048584526638e-010
  +2.02779737445979435506e-010
  +1.61010583695015641048e-001
  +1.16238282905655365695e+000
  +2.04844372231695182052e+000
  +2.70295729417400387717e+000
  +3.07602501155369001395e+000
  +3.14141244470819236412e+000
  +2.89460756711755040627e+000
  +2.35276258894932421839e+000
  +1.55526300426162000790e+000
  +5.73725382342419765180e-001
  +4.50270893803672578315e-006
  +8.32558327834576061832e-012
  +2.32310632365617664163e-004
  +7.44650448791522312497e-001
  +1.70351133672855681311e+000
  +2.46217685611091763320e+000
  +2.95696214348765273883e+000
  +3.15234083774903028896e+000
  +3.03477511772454322525e+000
  +2.61238669942134738022e+000
  +1.91508602746498590719e+000
  +9.97653719865000176981e-001
  +3.80994988570743098322e-002
  -9.77715131078582544433e-012
  +1.12311007161025599999e-008
  +3.19685520440704307177e-001
  +1.32306330309194120076e+000
  +2.17529244162338741830e+000
  +2.78565956458826624598e+000
  +3.10867953433447441469e+000
  +3.12176329088341653062e+000
  +2.82400842644864447095e+000
  +2.23618868235918100140e+000
  +1.40170134299128679167e+000
  +4.03386712230165422888e-001
  +8.35311048108522413713e-008
  -6.83594847394886073744e-012
  +9.58896613252224749857e-003
  +9.13991641496719076088e-001
  +1.84605931375306964171e+000
  +2.56420644494302907290e+000
  +3.01095105868855883458e+000
  +3.15452756186497662583e+000
  +2.98500922461324424972e+000
  +2.51412807422083872666e+000
  +1.77552036103999277827e+000
  +8.29611248708296389331e-001
  +1.60115903887414479101e-003
  -1.09066783382516518941e-011
  +6.16083811078027565600e-007
  +4.88284204433192647876e-001
  +1.47912024045369827618e+000
  +2.29535578454252142677e+000
  +2.86033034538248243095e+000
  +3.13267600293444559156e+000
  +3.09343100329014575323e+000
  +2.74530256619367829529e+000
  +2.11269951745341666438e+000
  +1.24326790220215244176e+000
  +2.38251861158515709782e-001
  +1.50398238307758447263e-009
  +2.01326733062501261884e-011
  +9.17587526664390695785e-002
  +1.08048320675717413053e+000
  +1.98256030168714159068e+000
  +2.65864467367906431861e+000
  +3.05646991630512543381e+000
  +3.14796843504505252653e+000
  +2.92682338618257098517e+000
  +2.40837918222396929480e+000
  +1.63007660269135401521e+000
  +6.59281058584907486697e-001
  +3.25708968955673583423e-005
  +1.48935713175416733760e-011
</dep>
<dep V1.It time>
  +0.00000000000000000000e+000
  -3.25709477557060433114e-005
  -6.59281058600658109725e-001
  -1.63007660270374854505e+000
  -2.40837918223199620726e+000
  -2.92682338618751103354e+000
  -3.14796843504529055835e+000
  -3.05646991630283926256e+000
  -2.65864467367193890723e+000
  -1.98256030167740138204e+000
  -1.08048320674287068321e+000
  -9.17587526429025357455e-002
  -6.33162248168938644016e-012
  +1.52125544801867989509e-009
  +2.38251861177513041268e-001
  +1.24326790221619698507e+000
  +2.11269951746302764306e+000
  +2.74530256619976276156e+000
  +3.09343100329211617705e+000
  +3.13267600293326653471e+000
  +2.86033034537739627723e+000
  +2.29535578453390254339e+000
  +1.47912024044072265561e+000
  +4.88284204415288969336e-001
  +6.16041788865651661399e-007
  -1.88965255382387646865e-011
  -1.60115906743282625235e-003
  -8.29611248725018457506e-001
  -1.77552036105259247734e+000
  -2.51412807422946915636e+000
  -2.98500922461828066545e+000
  -3.15452756186628713309e+000
  -3.01095105868642898272e+000
  -2.56420644493707916567e+000
  -1.84605931374310849868e+000
  -9.13991641481977756811e-001
  -9.58896609238979111267e-003
  +1.82443591519896447665e-011
  +8.35528393140388867218e-008
  +4.03386712243957723523e-001
  +1.40170134300136295380e+000
  +2.23618868236510071057e+000
  +2.82400842645669181152e+000
  +3.12176329088194837169e+000
  +3.10867953433534838226e+000
  +2.78565956457966557025e+000
  +2.17529244161666213131e+000
  +1.32306330307504671495e+000
  +3.19685520424318359023e-001
  +1.12113472069482791970e-008
  -2.38567371949604659173e-011
  -3.80994988688937996635e-002
  -9.97653719884472600654e-001
  -1.91508602747937417554e+000
  -2.61238669943222800995e+000
  -3.03477511772373276244e+000
  -3.15234083775257367677e+000
  -2.95696214347963648450e+000
  -2.46217685610713132860e+000
  -1.70351133671267374048e+000
  -7.44650448779581974890e-001
  -2.32310605422227843498e-004
  +1.60445563807668233028e-011
  +4.50274791148267489128e-006
  +5.73725382360394164927e-001
  +1.55526300427236030544e+000
  +2.35276258895913814584e+000
  +2.89460756712051558992e+000
  +3.14141244471058245225e+000
  +3.07602501154946983419e+000
  +2.70295729416917929200e+000
  +2.04844372230511240218e+000
  +1.16238282904334999657e+000
  +1.61010583677739071984e-001
  +1.75988827207051223030e-010
  -2.22380110376323943238e-010
  -1.61010583721945793600e-001
  -1.16238282906446932508e+000
  -2.04844372232019322766e+000
  -2.70295729417318852938e+000
  -3.07602501154921581517e+000
  -3.14141244470003577760e+000
  -2.89460756710567945760e+000
  -2.35276258893368783731e+000
  -1.55526300424162622349e+000
  -5.73725382317067600368e-001
  -4.50270225124138904951e-006
  +1.82042160207382256159e-011
  +2.32310653647827680809e-004
  +7.44650448817622767628e-001
  +1.70351133673188059880e+000
  +2.46217685612766246095e+000
  +2.95696214348293695551e+000
  +3.15234083775822915285e+000
  +3.03477511771247909778e+000
  +2.61238669942326984241e+000
  +1.91508602744515443739e+000
  +9.97653719857941823079e-001
  +3.80994988306034357284e-002
  -1.68222842546055721322e-011
  -1.12569596247333271622e-008
  -3.19685520449214555239e-001
  -1.32306330309505826293e+000
  -2.17529244162194412837e+000
  -2.78565956458294206044e+000
  -3.10867953432539723124e+000
  -3.12176329087083859193e+000
  -2.82400842643229266216e+000
  -2.23618868233894696473e+000
  -1.40170134296654835815e+000
  -4.03386712199991948058e-001
  -8.35058548398165903980e-008
  +1.81320771872098038085e-011
  +9.58896613868736279185e-003
  +9.13991641505177976335e-001
  +1.84605931375653842252e+000
  +2.56420644494245708600e+000
  +3.01095105868414769645e+000
  +3.15452756185692750890e+000
  +2.98500922460158157890e+000
  +2.51412807420539197167e+000
  +1.77552036102036603360e+000
  +8.29611248683613689003e-001
  +1.60115901798689778089e-003
  -2.05109124878258325368e-011
  -6.16086598494663430147e-007
  -4.88284204440314340001e-001
  -1.47912024047857393327e+000
  -2.29535578453987421099e+000
  -2.86033034539910868688e+000
  -3.13267600292428038955e+000
  -3.09343100329944320492e+000
  -2.74530256617615009418e+000
  -2.11269951745507933438e+000
  -1.24326790217599758570e+000
  -2.38251861150213017915e-001
  -1.47746776018268678395e-009
  +4.47965293174594106079e-011
  +9.17587526746340281791e-002
  +1.08048320678344933476e+000
  +1.98256030170868102758e+000
  +2.65864467367488677141e+000
  +3.05646991631888020891e+000
  +3.14796843503353684923e+000
  +2.92682338618900317329e+000
  +2.40837918220485835974e+000
  +1.63007660268966958483e+000
  +6.59281058556310251006e-001
  +3.25708942240560375323e-005
  -1.47350309173022045102e-011
</dep>
<dep _net0.Vt time>
  +0.00000000000000000000e+000
  +6.25824538120721363121e-001
  +1.54140844753915207122e+000
  +2.53560608555131139497e+000
  +3.32399940970394558448e+000
  +3.84748382065639704663e+000
  +4.07051192200193412418e+000
  +3.97825085432042513389e+000
  +3.57682069718913098200e+000
  +2.89315063175539455287e+000
  +1.97538185263470089659e+000
  +9.22906273107171881698e-001
  +2.63068513581948937308e-001
  -3.67640865467607880213e-001
  -8.55814634911046590027e-001
  -8.98526589554283106054e-001
  -9.12233935716358468326e-001
  -9.19005222759727513626e-001
  -9.22091684690807267266e-001
  -9.22417595036800097574e-001
  -9.20066340791822145917e-001
  -9.14377620567959126241e-001
  -9.03017194728388261638e-001
  -8.74365257142294849402e-001
  -5.23215698928679806556e-001
  +1.05391435467714317253e-001
  +7.28088413639885745354e-001
  +1.71767962235240090330e+000
  +2.68325932724355853409e+000
  +3.43085921695624396222e+000
  +3.90617856071247437910e+000
  +4.07712485823475567770e+000
  +3.93234409648875216092e+000
  +3.48144746724769227342e+000
  +2.75480546794636360630e+000
  +1.80456415161378314060e+000
  +7.82348389296988577790e-001
  +1.58028371491237662472e-001
  -4.71559526476380941329e-001
  -8.69427469343427294923e-001
  -9.01627370593003019117e-001
  -9.13702496826055865498e-001
  -9.19735956501011142628e-001
  -9.22327381979430982462e-001
  -9.22218804732804042779e-001
  -9.19382491243304844630e-001
  -9.12988726823296015134e-001
  -9.00134751636178065404e-001
  -8.63415374982674621585e-001
  -4.19693496719037273390e-001
  +2.10595328227629163820e-001
  +8.46524073772207175104e-001
  +1.89049047525988234142e+000
  +2.82478119101469138386e+000
  +3.53010896230904869242e+000
  +3.95637190391107074205e+000
  +4.07492020723176651131e+000
  +3.87788742611650683045e+000
  +3.37836820345183941328e+000
  +2.61017997904741294590e+000
  +1.62992570955629889617e+000
  +6.76814608550675989029e-001
  +5.27072731592362411779e-002
  -5.74637603719560852156e-001
  -8.78533980514963341868e-001
  -9.04314893911672190718e-001
  -9.15016226461768611422e-001
  -9.20374301105708947368e-001
  -9.22489591121167906707e-001
  -9.21945810755393169167e-001
  -9.18603357461884040269e-001
  -9.11435465344509143648e-001
  -8.96787491005547998668e-001
  -8.45684303574915974266e-001
  -3.15424801550166333808e-001
  +3.15424798012354401511e-001
  +1.00669488727197298239e+000
  +2.05917032006224243190e+000
  +2.95987918766146407279e+000
  +3.62156065163588003486e+000
  +3.99797082230902622868e+000
  +4.06390203582929743220e+000
  +3.81498186822313867239e+000
  +3.26777881541093417894e+000
  +2.45957789817295280344e+000
  +1.45225936285649126489e+000
  +5.74642106441476729906e-001
  -5.27074987227967098335e-002
  -6.76582297927309950225e-001
  -8.85275260764041838080e-001
  -9.06668642318817163961e-001
  -9.16191347340769568497e-001
  -9.20925282628889174674e-001
  -9.22579369482668831814e-001
  -9.21596786186620220427e-001
  -9.17722262887683215560e-001
  -9.09695163549967933392e-001
  -8.92836755395013170755e-001
  -8.08424574916067228969e-001
  -2.10595270365843079130e-001
  +4.19693507885511241096e-001
  +1.18310089542343477298e+000
  +2.22319805472823839310e+000
  +3.08828116844663869145e+000
  +3.70504205583156132064e+000
  +4.03089833906718730816e+000
  +4.04409067286278034459e+000
  +3.74374438294949563044e+000
  +3.14989117918506700278e+000
  +2.30332871358395507855e+000
  +1.27281418157241077438e+000
  +4.71559610012365570952e-001
  -1.58028380542317214985e-001
  -7.72759423178496773765e-001
  -8.90572510116976578942e-001
  -9.08746154193297850377e-001
  -9.17241022304701836276e-001
  -9.21393037800262937331e-001
  -9.22597296369869535049e-001
  -9.21169336099353808223e-001
  -9.16731142735584536574e-001
  -9.07738966203859631854e-001
  -8.88068373644861019933e-001
  -7.26487254593669251612e-001
  -1.05391241893683540454e-001
  +5.23216314998169784722e-001
  +1.36264946157568678231e+000
  +2.38213743518246934272e+000
  +3.20973340511045623913e+000
  +3.78039668617444046816e+000
  +4.05509359797117063806e+000
  +4.01552268798102218739e+000
  +3.66430778895325603983e+000
  +3.02493345316979045379e+000
  +2.14179449175596481325e+000
  +1.09406649606938000119e+000
  +3.67640866692935941451e-001
  -2.63068507504253978890e-001
  -8.31147520442785503469e-001
  -8.94898645876815335143e-001
  -9.10590330067928777069e-001
  -9.18176023510148264783e-001
  -9.21780938015153039622e-001
  -9.22543486957007830007e-001
  -9.20660434473725142190e-001
  -9.15620227480217208083e-001
  -9.05529482859873779965e-001
  -8.82127388955383007207e-001
  -6.25791967205012733544e-001
  +8.46511912586921333498e-008
</dep>
<dep V1.Vt time>
  +0.00000000000000000000e+000
  +1.25161650530693302485e+000
  +2.42353583649568360414e+000
  +3.44113556841110312945e+000
  +4.23961963718442014226e+000
  +4.76814425513002859702e+000
  +4.99305540895906840859e+000
  +4.90003179233543129101e+000
  +4.49499672069936195840e+000
  +3.80374096182300736046e+000
  +2.87028049851082212029e+000
  +1.75405379355200397029e+000
  +5.26137022183354341465e-001
  -7.35281731373273128582e-001
  -1.94988113098026016878e+000
  -3.04032108130978295790e+000
  -3.93716738888616513137e+000
  -4.58331301171283200802e+000
  -4.93761437267189595701e+000
  -4.97751119300789479638e+000
  -4.70046302696639806129e+000
  -4.12411102567837506427e+000
  -3.28515462991122486613e+000
  -2.23701471871817192394e+000
  -1.04643201391646489817e+000
  +2.10782661670486232142e-001
  +1.45457566822621786606e+000
  +2.60574799599801210093e+000
  +3.59099829344772913942e+000
  +4.34759035969201335092e+000
  +4.82734789681195408662e+000
  +4.99972215460471591797e+000
  +4.85373713428908182266e+000
  +4.39868848955243674226e+000
  +3.66355162213967000540e+000
  +2.69513666173067800713e+000
  +1.55510781248950635813e+000
  +3.16056860568321662530e-001
  -9.43119136477451047718e-001
  -2.14224165091465712507e+000
  -3.20495608417663113698e+000
  -4.06359367601095389233e+000
  -4.66348033945034412540e+000
  -4.96641805484214238220e+000
  -4.95311714379989886936e+000
  -4.62442454707484973397e+000
  -4.00126989526988374735e+000
  -3.12333280636453380907e+000
  -2.04651627040617212216e+000
  -8.39387004592694885297e-001
  +4.21190559460615343568e-001
  +1.65494864868922708645e+000
  +2.78332723065504250570e+000
  +3.73447635456491688899e+000
  +4.44783122519671803019e+000
  +4.87796869009778344406e+000
  +4.99749957671436728646e+000
  +4.79881270874543108818e+000
  +4.29455955079245033090e+000
  +3.51684862136618381356e+000
  +2.51520097031960432332e+000
  +1.35339690648697397179e+000
  +1.05414761389059072338e-001
  -1.14927971017422225763e+000
  -2.33079334337057186843e+000
  -3.36389279208429359258e+000
  -4.18279504187253969860e+000
  -4.73535616932872915896e+000
  -4.98639162695040472073e+000
  -4.91991663306436155523e+000
  -4.54016400909775885708e+000
  -3.87131465300597055190e+000
  -2.95595781106792276915e+000
  -1.85237919084892088684e+000
  -6.30849595806540541787e-001
  +6.30849595806533103293e-001
  +1.85237919084893043475e+000
  +2.95595781106793120685e+000
  +3.87131465300597676915e+000
  +4.54016400909775619255e+000
  +4.91991663306436244341e+000
  +4.98639162695040294437e+000
  +4.73535616932872649443e+000
  +4.18279504187254413949e+000
  +3.36389279208428604306e+000
  +2.33079334337056254256e+000
  +1.14927971017421226563e+000
  -1.05414761389051717111e-001
  -1.35339690648697530406e+000
  -2.51520097031960609968e+000
  -3.51684862136619091899e+000
  -4.29455955079245654815e+000
  -4.79881270874543108818e+000
  -4.99749957671436728646e+000
  -4.87796869009778344406e+000
  -4.44783122519671358930e+000
  -3.73447635456492177397e+000
  -2.78332723065502651849e+000
  -1.65494864868920865675e+000
  -4.21190559460622671040e-001
  +8.39387004592705210371e-001
  +2.04651627040616501674e+000
  +3.12333280636453558543e+000
  +4.00126989526988996460e+000
  +4.62442454707485683940e+000
  +4.95311714379989975754e+000
  +4.96641805484214415856e+000
  +4.66348033945034678993e+000
  +4.06359367601095300415e+000
  +3.20495608417662314338e+000
  +2.14224165091465579280e+000
  +9.43119136477440722643e-001
  -3.16056860568332043115e-001
  -1.55510781248951612810e+000
  -2.69513666173067223397e+000
  -3.66355162213966512041e+000
  -4.39868848955243318954e+000
  -4.85373713428908448719e+000
  -4.99972215460471591797e+000
  -4.82734789681195231026e+000
  -4.34759035969200802185e+000
  -3.59099829344771226403e+000
  -2.60574799599801831818e+000
  -1.45457566822621209290e+000
  -2.10782661670493587369e-001
  +1.04643201391646645249e+000
  +2.23701471871818124981e+000
  +3.28515462991123996517e+000
  +4.12411102567839105149e+000
  +4.70046302696639894947e+000
  +4.97751119300789568456e+000
  +4.93761437267189862155e+000
  +4.58331301171283467255e+000
  +3.93716738888616424319e+000
  +3.04032108130977718474e+000
  +1.94988113098024440362e+000
  +7.35281731373247482431e-001
  -5.26137022183386759977e-001
  -1.75405379355200974345e+000
  -2.87028049851080480082e+000
  -3.80374096182299936686e+000
  -4.49499672069936107022e+000
  -4.90003179233543129101e+000
  -4.99305540895906840859e+000
  -4.76814425513002149160e+000
  -4.23961963718440326687e+000
  -3.44113556841110135309e+000
  -2.42353583649567339009e+000
  -1.25161650530694834593e+000
  -7.34763812293426354927e-015
</dep>
<dep _net1.Vt time>
  +0.00000000000000000000e+000
  +6.25791967186228204056e-001
  +8.82127388956531532926e-001
  +9.05529482859791956528e-001
  +9.15620227480474446757e-001
  +9.20660434473631439367e-001
  +9.22543486957134395432e-001
  +9.21780938015005935071e-001
  +9.18176023510231420488e-001
  +9.10590330067613251686e-001
  +8.94898645876121001663e-001
  +8.31147520444831866548e-001
  +2.63068513559940375668e-001
  -3.67640866973200863832e-001
  -1.09406649606921368978e+000
  -2.14179449175549940776e+000
  -3.02493345316980644100e+000
  -3.66430778895310460541e+000
  -4.01552268798108880077e+000
  -4.05509359797109514290e+000
  -3.78039668617457547128e+000
  -3.20973340511041627110e+000
  -2.38213743518283660450e+000
  -1.36264946157587729658e+000
  -5.23216314983790620197e-001
  +1.05391435465461966170e-001
  +7.26487254586332564799e-001
  +8.88068373645610975586e-001
  +9.07738966204170272256e-001
  +9.16731142735769388707e-001
  +9.21169336099479374447e-001
  +9.22597296369960795381e-001
  +9.21393037800329328668e-001
  +9.17241022304745134974e-001
  +9.08746154193306621139e-001
  +8.90572510116894755505e-001
  +7.72759423192517114209e-001
  +1.58028371490904095964e-001
  -4.71559610012375951538e-001
  -1.27281418157122949708e+000
  -2.30332871358362822889e+000
  -3.14989117918489824888e+000
  -3.74374438294933264970e+000
  -4.04409067286271106667e+000
  -4.03089833906709404943e+000
  -3.70504205583154444525e+000
  -3.08828116844658762119e+000
  -2.22319805472835607674e+000
  -1.18310089542349761160e+000
  -4.19693507941636290148e-001
  +2.10595328225383071619e-001
  +8.08424574917020022369e-001
  +8.92836755395160053261e-001
  +9.09695163550225394111e-001
  +9.17722262887668671638e-001
  +9.21596786186712479960e-001
  +9.22579369482600997188e-001
  +9.20925282628924590789e-001
  +9.16191347340610917627e-001
  +9.06668642318770756638e-001
  +8.85275260763305538170e-001
  +6.76582297936295096186e-001
  +5.27072731611785555428e-002
  -5.74642106455403700593e-001
  -1.45225936285560863759e+000
  -2.45957789817262106880e+000
  -3.26777881541077075411e+000
  -3.81498186822302010057e+000
  -4.06390203582923703607e+000
  -3.99797082230896849708e+000
  -3.62156065163587514988e+000
  -2.95987918766146140825e+000
  -2.05917032006237477049e+000
  -1.00669488727400491257e+000
  -3.15424801743264315856e-001
  +3.15424797809574664065e-001
  +8.45684303576957341342e-001
  +8.96787491005688663925e-001
  +9.11435465344512141250e-001
  +9.18603357461875935641e-001
  +9.21945810755336214726e-001
  +9.22489591121105068083e-001
  +9.20374301105588155103e-001
  +9.15016226461609849530e-001
  +9.04314893911332795540e-001
  +8.78533980514071499712e-001
  +5.74637603732538693180e-001
  -5.27074987311222931119e-002
  -6.76814608559675567889e-001
  -1.62992570955556415058e+000
  -2.61017997904737386605e+000
  -3.37836820345168709068e+000
  -3.87788742611654191350e+000
  -4.07492020723169900975e+000
  -3.95637190391116355670e+000
  -3.53010896230903048476e+000
  -2.82478119101495384058e+000
  -1.89049047526001334774e+000
  -8.46524073773141538801e-001
  -2.10595270356065927819e-001
  +4.19693496654410524993e-001
  +8.63415374982730465803e-001
  +9.00134751636297303357e-001
  +9.12988726823251384168e-001
  +9.19382491243295185690e-001
  +9.22218804732712782446e-001
  +9.22327381979364036013e-001
  +9.19735956500851159490e-001
  +9.13702496825886001375e-001
  +9.01627370592668286875e-001
  +8.69427469342245351491e-001
  +4.71559526481260760100e-001
  -1.58028380535481266511e-001
  -7.82348389311019021264e-001
  -1.80456415161369565503e+000
  -2.75480546794636760310e+000
  -3.48144746724773090918e+000
  -3.93234409648882188293e+000
  -4.07712485823484627190e+000
  -3.90617856071259827999e+000
  -3.43085921695642337426e+000
  -2.68325932724385252115e+000
  -1.71767962235315740926e+000
  -7.28088413632543396403e-001
  -1.05391241882776862115e-001
  +5.23215698914358706695e-001
  +8.74365257142494134435e-001
  +9.03017194728770955514e-001
  +9.14377620567934701334e-001
  +9.20066340791958037215e-001
  +9.22417595036724935476e-001
  +9.22091684690876434161e-001
  +9.19005222759577966585e-001
  +9.12233935716373900426e-001
  +8.98526589553812260469e-001
  +8.55814634910864291406e-001
  +3.67640865188953558373e-001
  -2.63068507524386652197e-001
  -9.22906273109224573048e-001
  -1.97538185263398946567e+000
  -2.89315063175507036775e+000
  -3.57682069718921269441e+000
  -3.97825085432027858445e+000
  -4.07051192200206024552e+000
  -3.84748382065629623838e+000
  -3.32399940970418628083e+000
  -2.53560608555122790619e+000
  -1.54140844754029049390e+000
  -6.25824538101908300902e-001
  +8.46362976873745916764e-008
</dep>
