91
0 908 2 972 2 307 2
0 481 0 429 0 639 2
2 740 0 568 2 114 1
0 259 2 434 0 334 1
1 683 3 999 3 102 2
0 236 3 216 3 691 3
0 177 0 664 3 850 1
2 961 0 179 3 280 3
0 409 0 638 1 740 2
1 555 1 954 2 407 0
0 908 2 972 2 307 2
0 481 0 429 0 639 2
2 740 0 568 2 114 1
0 259 2 434 0 334 1
1 683 3 999 3 102 2
0 236 3 216 3 691 3
0 177 0 664 3 850 1
2 961 0 179 3 280 3
0 409 0 638 1 740 2
1 555 1 954 2 407 0
0 908 2 972 2 307 2
0 481 0 429 0 639 2
2 740 0 568 2 114 1
0 259 2 434 0 334 1
1 683 3 999 3 102 2
0 236 3 216 3 691 3
0 177 0 664 3 850 1
2 961 0 179 3 280 3
0 409 0 638 1 740 2
1 555 1 954 2 407 0
0 908 2 972 2 307 2
0 481 0 429 0 639 2
2 740 0 568 2 114 1
0 259 2 434 0 334 1
1 683 3 999 3 102 2
0 236 3 216 3 691 3
0 177 0 664 3 850 1
2 961 0 179 3 280 3
0 409 0 638 1 740 2
1 555 1 954 2 407 0
0 908 2 972 2 307 2
0 481 0 429 0 639 2
2 740 0 568 2 114 1
0 259 2 434 0 334 1
1 683 3 999 3 102 2
0 236 3 216 3 691 3
0 177 0 664 3 850 1
2 961 0 179 3 280 3
0 409 0 638 1 740 2
1 555 1 954 2 407 0
0 908 2 972 2 307 2
0 481 0 429 0 639 2
2 740 0 568 2 114 1
0 259 2 434 0 334 1
1 683 3 999 3 102 2
0 236 3 216 3 691 3
0 177 0 664 3 850 1
2 961 0 179 3 280 3
0 409 0 638 1 740 2
1 555 1 954 2 407 0
0 908 2 972 2 307 2
0 481 0 429 0 639 2
2 740 0 568 2 114 1
0 259 2 434 0 334 1
1 683 3 999 3 102 2
0 236 3 216 3 691 3
0 177 0 664 3 850 1
2 961 0 179 3 280 3
0 409 0 638 1 740 2
1 555 1 954 2 407 0
2 894 2 801 1 153 0
1 338 2 89 0 568 0
1 711 2 49 1 41 3
2 277 3 817 1 14 1
2 868 1 581 0 225 3
2 705 0 600 0 246 3
1 311 3 440 0 348 0
2 500 3 376 1 574 3
2 523 2 270 2 293 0
1 890 3 1 1 962 1
2 905 2 97 3 547 1
1 524 0 1 1 131 0
1 282 3 330 0 941 2
2 969 2 84 1 677 3
2 638 2 831 2 304 3
1 740 3 966 2 493 2
1 666 1 315 1 457 2
1 512 2 257 2 34 0
1 616 3 909 2 444 0
2 928 2 545 1 937 2
2 83 2 205 3 954 3
