5001
1 440 2 740 1 806 2
1 395 1 730 3 700 1
2 804 2 164 1 583 1
2 934 2 787 1 941 2
2 93 1 620 0 205 3
1 52 2 81 3 278 2
1 506 2 991 3 256 3
1 476 3 583 0 295 2
1 951 2 272 3 860 0
2 824 2 373 3 312 0
1 440 2 740 1 806 2
1 395 1 730 3 700 1
2 804 2 164 1 583 1
2 934 2 787 1 941 2
2 93 1 620 0 205 3
1 52 2 81 3 278 2
1 506 2 991 3 256 3
1 476 3 583 0 295 2
1 951 2 272 3 860 0
2 824 2 373 3 312 0
1 440 2 740 1 806 2
1 395 1 730 3 700 1
2 804 2 164 1 583 1
2 934 2 787 1 941 2
2 93 1 620 0 205 3
1 52 2 81 3 278 2
1 506 2 991 3 256 3
1 476 3 583 0 295 2
1 951 2 272 3 860 0
2 824 2 373 3 312 0
1 440 2 740 1 806 2
1 395 1 730 3 700 1
2 804 2 164 1 583 1
2 934 2 787 1 941 2
2 93 1 620 0 205 3
1 52 2 81 3 278 2
1 506 2 991 3 256 3
1 476 3 583 0 295 2
1 951 2 272 3 860 0
2 824 2 373 3 312 0
1 440 2 740 1 806 2
1 395 1 730 3 700 1
2 804 2 164 1 583 1
2 934 2 787 1 941 2
2 93 1 620 0 205 3
1 52 2 81 3 278 2
1 506 2 991 3 256 3
1 476 3 583 0 295 2
1 951 2 272 3 860 0
2 824 2 373 3 312 0
1 440 2 740 1 806 2
1 395 1 730 3 700 1
2 804 2 164 1 583 1
2 934 2 787 1 941 2
2 93 1 620 0 205 3
1 52 2 81 3 278 2
1 506 2 991 3 256 3
1 476 3 583 0 295 2
1 951 2 272 3 860 0
2 824 2 373 3 312 0
1 440 2 740 1 806 2
1 395 1 730 3 700 1
2 804 2 164 1 583 1
2 934 2 787 1 941 2
2 93 1 620 0 205 3
1 52 2 81 3 278 2
1 506 2 991 3 256 3
1 476 3 583 0 295 2
1 951 2 272 3 860 0
2 824 2 373 3 312 0
1 440 2 740 1 806 2
1 395 1 730 3 700 1
2 804 2 164 1 583 1
2 934 2 787 1 941 2
2 93 1 620 0 205 3
1 52 2 81 3 278 2
1 506 2 991 3 256 3
1 476 3 583 0 295 2
1 951 2 272 3 860 0
2 824 2 373 3 312 0
1 440 2 740 1 806 2
1 395 1 730 3 700 1
2 804 2 164 1 583 1
2 934 2 787 1 941 2
2 93 1 620 0 205 3
1 52 2 81 3 278 2
1 506 2 991 3 256 3
1 476 3 583 0 295 2
1 951 2 272 3 860 0
2 824 2 373 3 312 0
1 440 2 740 1 806 2
1 395 1 730 3 700 1
2 804 2 164 1 583 1
2 934 2 787 1 941 2
2 93 1 620 0 205 3
1 52 2 81 3 278 2
1 506 2 991 3 256 3
1 476 3 583 0 295 2
1 951 2 272 3 860 0
2 824 2 373 3 312 0
1 440 2 740 1 806 2
1 395 1 730 3 700 1
2 804 2 164 1 583 1
2 934 2 787 1 941 2
2 93 1 620 0 205 3
1 52 2 81 3 278 2
1 506 2 991 3 256 3
1 476 3 583 0 295 2
1 951 2 272 3 860 0
2 824 2 373 3 312 0
1 440 2 740 1 806 2
1 395 1 730 3 700 1
2 804 2 164 1 583 1
2 934 2 787 1 941 2
2 93 1 620 0 205 3
1 52 2 81 3 278 2
1 506 2 991 3 256 3
1 476 3 583 0 295 2
1 951 2 272 3 860 0
2 824 2 373 3 312 0
1 440 2 740 1 806 2
1 395 1 730 3 700 1
2 804 2 164 1 583 1
2 934 2 787 1 941 2
2 93 1 620 0 205 3
1 52 2 81 3 278 2
1 506 2 991 3 256 3
1 476 3 583 0 295 2
1 951 2 272 3 860 0
2 824 2 373 3 312 0
1 440 2 740 1 806 2
1 395 1 730 3 700 1
2 804 2 164 1 583 1
2 934 2 787 1 941 2
2 93 1 620 0 205 3
1 52 2 81 3 278 2
1 506 2 991 3 256 3
1 476 3 583 0 295 2
1 951 2 272 3 860 0
2 824 2 373 3 312 0
1 440 2 740 1 806 2
1 395 1 730 3 700 1
2 804 2 164 1 583 1
2 934 2 787 1 941 2
2 93 1 620 0 205 3
1 52 2 81 3 278 2
1 506 2 991 3 256 3
1 476 3 583 0 295 2
1 951 2 272 3 860 0
2 824 2 373 3 312 0
1 440 2 740 1 806 2
1 395 1 730 3 700 1
2 804 2 164 1 583 1
2 934 2 787 1 941 2
2 93 1 620 0 205 3
1 52 2 81 3 278 2
1 506 2 991 3 256 3
1 476 3 583 0 295 2
1 951 2 272 3 860 0
2 824 2 373 3 312 0
1 440 2 740 1 806 2
1 395 1 730 3 700 1
2 804 2 164 1 583 1
2 934 2 787 1 941 2
2 93 1 620 0 205 3
1 52 2 81 3 278 2
1 506 2 991 3 256 3
1 476 3 583 0 295 2
1 951 2 272 3 860 0
2 824 2 373 3 312 0
1 440 2 740 1 806 2
1 395 1 730 3 700 1
2 804 2 164 1 583 1
2 934 2 787 1 941 2
2 93 1 620 0 205 3
1 52 2 81 3 278 2
1 506 2 991 3 256 3
1 476 3 583 0 295 2
1 951 2 272 3 860 0
2 824 2 373 3 312 0
1 440 2 740 1 806 2
1 395 1 730 3 700 1
2 804 2 164 1 583 1
2 934 2 787 1 941 2
2 93 1 620 0 205 3
1 52 2 81 3 278 2
1 506 2 991 3 256 3
1 476 3 583 0 295 2
1 951 2 272 3 860 0
2 824 2 373 3 312 0
1 440 2 740 1 806 2
1 395 1 730 3 700 1
2 804 2 164 1 583 1
2 934 2 787 1 941 2
2 93 1 620 0 205 3
1 52 2 81 3 278 2
1 506 2 991 3 256 3
1 476 3 583 0 295 2
1 951 2 272 3 860 0
2 824 2 373 3 312 0
1 440 2 740 1 806 2
1 395 1 730 3 700 1
2 804 2 164 1 583 1
2 934 2 787 1 941 2
2 93 1 620 0 205 3
1 52 2 81 3 278 2
1 506 2 991 3 256 3
1 476 3 583 0 295 2
1 951 2 272 3 860 0
2 824 2 373 3 312 0
1 440 2 740 1 806 2
1 395 1 730 3 700 1
2 804 2 164 1 583 1
2 934 2 787 1 941 2
2 93 1 620 0 205 3
1 52 2 81 3 278 2
1 506 2 991 3 256 3
1 476 3 583 0 295 2
1 951 2 272 3 860 0
2 824 2 373 3 312 0
1 440 2 740 1 806 2
1 395 1 730 3 700 1
2 804 2 164 1 583 1
2 934 2 787 1 941 2
2 93 1 620 0 205 3
1 52 2 81 3 278 2
1 506 2 991 3 256 3
1 476 3 583 0 295 2
1 951 2 272 3 860 0
2 824 2 373 3 312 0
1 440 2 740 1 806 2
1 395 1 730 3 700 1
2 804 2 164 1 583 1
2 934 2 787 1 941 2
2 93 1 620 0 205 3
1 52 2 81 3 278 2
1 506 2 991 3 256 3
1 476 3 583 0 295 2
1 951 2 272 3 860 0
2 824 2 373 3 312 0
1 440 2 740 1 806 2
1 395 1 730 3 700 1
2 804 2 164 1 583 1
2 934 2 787 1 941 2
2 93 1 620 0 205 3
1 52 2 81 3 278 2
1 506 2 991 3 256 3
1 476 3 583 0 295 2
1 951 2 272 3 860 0
2 824 2 373 3 312 0
1 440 2 740 1 806 2
1 395 1 730 3 700 1
2 804 2 164 1 583 1
2 934 2 787 1 941 2
2 93 1 620 0 205 3
1 52 2 81 3 278 2
1 506 2 991 3 256 3
1 476 3 583 0 295 2
1 951 2 272 3 860 0
2 824 2 373 3 312 0
1 440 2 740 1 806 2
1 395 1 730 3 700 1
2 804 2 164 1 583 1
2 934 2 787 1 941 2
2 93 1 620 0 205 3
1 52 2 81 3 278 2
1 506 2 991 3 256 3
1 476 3 583 0 295 2
1 951 2 272 3 860 0
2 824 2 373 3 312 0
1 440 2 740 1 806 2
1 395 1 730 3 700 1
2 804 2 164 1 583 1
2 934 2 787 1 941 2
2 93 1 620 0 205 3
1 52 2 81 3 278 2
1 506 2 991 3 256 3
1 476 3 583 0 295 2
1 951 2 272 3 860 0
2 824 2 373 3 312 0
1 440 2 740 1 806 2
1 395 1 730 3 700 1
2 804 2 164 1 583 1
2 934 2 787 1 941 2
2 93 1 620 0 205 3
1 52 2 81 3 278 2
1 506 2 991 3 256 3
1 476 3 583 0 295 2
1 951 2 272 3 860 0
2 824 2 373 3 312 0
1 440 2 740 1 806 2
1 395 1 730 3 700 1
2 804 2 164 1 583 1
2 934 2 787 1 941 2
2 93 1 620 0 205 3
1 52 2 81 3 278 2
1 506 2 991 3 256 3
1 476 3 583 0 295 2
1 951 2 272 3 860 0
2 824 2 373 3 312 0
1 440 2 740 1 806 2
1 395 1 730 3 700 1
2 804 2 164 1 583 1
2 934 2 787 1 941 2
2 93 1 620 0 205 3
1 52 2 81 3 278 2
1 506 2 991 3 256 3
1 476 3 583 0 295 2
1 951 2 272 3 860 0
2 824 2 373 3 312 0
1 440 2 740 1 806 2
1 395 1 730 3 700 1
2 804 2 164 1 583 1
2 934 2 787 1 941 2
2 93 1 620 0 205 3
1 52 2 81 3 278 2
1 506 2 991 3 256 3
1 476 3 583 0 295 2
1 951 2 272 3 860 0
2 824 2 373 3 312 0
1 440 2 740 1 806 2
1 395 1 730 3 700 1
2 804 2 164 1 583 1
2 934 2 787 1 941 2
2 93 1 620 0 205 3
1 52 2 81 3 278 2
1 506 2 991 3 256 3
1 476 3 583 0 295 2
1 951 2 272 3 860 0
2 824 2 373 3 312 0
1 440 2 740 1 806 2
1 395 1 730 3 700 1
2 804 2 164 1 583 1
2 934 2 787 1 941 2
2 93 1 620 0 205 3
1 52 2 81 3 278 2
1 506 2 991 3 256 3
1 476 3 583 0 295 2
1 951 2 272 3 860 0
2 824 2 373 3 312 0
1 440 2 740 1 806 2
1 395 1 730 3 700 1
2 804 2 164 1 583 1
2 934 2 787 1 941 2
2 93 1 620 0 205 3
1 52 2 81 3 278 2
1 506 2 991 3 256 3
1 476 3 583 0 295 2
1 951 2 272 3 860 0
2 824 2 373 3 312 0
1 440 2 740 1 806 2
1 395 1 730 3 700 1
2 804 2 164 1 583 1
2 934 2 787 1 941 2
2 93 1 620 0 205 3
1 52 2 81 3 278 2
1 506 2 991 3 256 3
1 476 3 583 0 295 2
1 951 2 272 3 860 0
2 824 2 373 3 312 0
1 440 2 740 1 806 2
1 395 1 730 3 700 1
2 804 2 164 1 583 1
2 934 2 787 1 941 2
2 93 1 620 0 205 3
1 52 2 81 3 278 2
1 506 2 991 3 256 3
1 476 3 583 0 295 2
1 951 2 272 3 860 0
2 824 2 373 3 312 0
1 440 2 740 1 806 2
1 395 1 730 3 700 1
2 804 2 164 1 583 1
2 934 2 787 1 941 2
2 93 1 620 0 205 3
1 52 2 81 3 278 2
1 506 2 991 3 256 3
1 476 3 583 0 295 2
1 951 2 272 3 860 0
2 824 2 373 3 312 0
1 440 2 740 1 806 2
1 395 1 730 3 700 1
2 804 2 164 1 583 1
2 934 2 787 1 941 2
2 93 1 620 0 205 3
1 52 2 81 3 278 2
1 506 2 991 3 256 3
1 476 3 583 0 295 2
1 951 2 272 3 860 0
2 824 2 373 3 312 0
1 440 2 740 1 806 2
1 395 1 730 3 700 1
2 804 2 164 1 583 1
2 934 2 787 1 941 2
2 93 1 620 0 205 3
1 52 2 81 3 278 2
1 506 2 991 3 256 3
1 476 3 583 0 295 2
1 951 2 272 3 860 0
2 824 2 373 3 312 0
1 440 2 740 1 806 2
1 395 1 730 3 700 1
2 804 2 164 1 583 1
2 934 2 787 1 941 2
2 93 1 620 0 205 3
1 52 2 81 3 278 2
1 506 2 991 3 256 3
1 476 3 583 0 295 2
1 951 2 272 3 860 0
2 824 2 373 3 312 0
1 440 2 740 1 806 2
1 395 1 730 3 700 1
2 804 2 164 1 583 1
2 934 2 787 1 941 2
2 93 1 620 0 205 3
1 52 2 81 3 278 2
1 506 2 991 3 256 3
1 476 3 583 0 295 2
1 951 2 272 3 860 0
2 824 2 373 3 312 0
1 440 2 740 1 806 2
1 395 1 730 3 700 1
2 804 2 164 1 583 1
2 934 2 787 1 941 2
2 93 1 620 0 205 3
1 52 2 81 3 278 2
1 506 2 991 3 256 3
1 476 3 583 0 295 2
1 951 2 272 3 860 0
2 824 2 373 3 312 0
1 440 2 740 1 806 2
1 395 1 730 3 700 1
2 804 2 164 1 583 1
2 934 2 787 1 941 2
2 93 1 620 0 205 3
1 52 2 81 3 278 2
1 506 2 991 3 256 3
1 476 3 583 0 295 2
1 951 2 272 3 860 0
2 824 2 373 3 312 0
1 440 2 740 1 806 2
1 395 1 730 3 700 1
2 804 2 164 1 583 1
2 934 2 787 1 941 2
2 93 1 620 0 205 3
1 52 2 81 3 278 2
1 506 2 991 3 256 3
1 476 3 583 0 295 2
1 951 2 272 3 860 0
2 824 2 373 3 312 0
1 440 2 740 1 806 2
1 395 1 730 3 700 1
2 804 2 164 1 583 1
2 934 2 787 1 941 2
2 93 1 620 0 205 3
1 52 2 81 3 278 2
1 506 2 991 3 256 3
1 476 3 583 0 295 2
1 951 2 272 3 860 0
2 824 2 373 3 312 0
1 440 2 740 1 806 2
1 395 1 730 3 700 1
2 804 2 164 1 583 1
2 934 2 787 1 941 2
2 93 1 620 0 205 3
1 52 2 81 3 278 2
1 506 2 991 3 256 3
1 476 3 583 0 295 2
1 951 2 272 3 860 0
2 824 2 373 3 312 0
1 440 2 740 1 806 2
1 395 1 730 3 700 1
2 804 2 164 1 583 1
2 934 2 787 1 941 2
2 93 1 620 0 205 3
1 52 2 81 3 278 2
1 506 2 991 3 256 3
1 476 3 583 0 295 2
1 951 2 272 3 860 0
2 824 2 373 3 312 0
1 440 2 740 1 806 2
1 395 1 730 3 700 1
2 804 2 164 1 583 1
2 934 2 787 1 941 2
2 93 1 620 0 205 3
1 52 2 81 3 278 2
1 506 2 991 3 256 3
1 476 3 583 0 295 2
1 951 2 272 3 860 0
2 824 2 373 3 312 0
1 440 2 740 1 806 2
1 395 1 730 3 700 1
2 804 2 164 1 583 1
2 934 2 787 1 941 2
2 93 1 620 0 205 3
1 52 2 81 3 278 2
1 506 2 991 3 256 3
1 476 3 583 0 295 2
1 951 2 272 3 860 0
2 824 2 373 3 312 0
1 440 2 740 1 806 2
1 395 1 730 3 700 1
2 804 2 164 1 583 1
2 934 2 787 1 941 2
2 93 1 620 0 205 3
1 52 2 81 3 278 2
1 506 2 991 3 256 3
1 476 3 583 0 295 2
1 951 2 272 3 860 0
2 824 2 373 3 312 0
1 440 2 740 1 806 2
1 395 1 730 3 700 1
2 804 2 164 1 583 1
2 934 2 787 1 941 2
2 93 1 620 0 205 3
1 52 2 81 3 278 2
1 506 2 991 3 256 3
1 476 3 583 0 295 2
1 951 2 272 3 860 0
2 824 2 373 3 312 0
1 440 2 740 1 806 2
1 395 1 730 3 700 1
2 804 2 164 1 583 1
2 934 2 787 1 941 2
2 93 1 620 0 205 3
1 52 2 81 3 278 2
1 506 2 991 3 256 3
1 476 3 583 0 295 2
1 951 2 272 3 860 0
2 824 2 373 3 312 0
1 440 2 740 1 806 2
1 395 1 730 3 700 1
2 804 2 164 1 583 1
2 934 2 787 1 941 2
2 93 1 620 0 205 3
1 52 2 81 3 278 2
1 506 2 991 3 256 3
1 476 3 583 0 295 2
1 951 2 272 3 860 0
2 824 2 373 3 312 0
1 440 2 740 1 806 2
1 395 1 730 3 700 1
2 804 2 164 1 583 1
2 934 2 787 1 941 2
2 93 1 620 0 205 3
1 52 2 81 3 278 2
1 506 2 991 3 256 3
1 476 3 583 0 295 2
1 951 2 272 3 860 0
2 824 2 373 3 312 0
1 440 2 740 1 806 2
1 395 1 730 3 700 1
2 804 2 164 1 583 1
2 934 2 787 1 941 2
2 93 1 620 0 205 3
1 52 2 81 3 278 2
1 506 2 991 3 256 3
1 476 3 583 0 295 2
1 951 2 272 3 860 0
2 824 2 373 3 312 0
1 440 2 740 1 806 2
1 395 1 730 3 700 1
2 804 2 164 1 583 1
2 934 2 787 1 941 2
2 93 1 620 0 205 3
1 52 2 81 3 278 2
1 506 2 991 3 256 3
1 476 3 583 0 295 2
1 951 2 272 3 860 0
2 824 2 373 3 312 0
1 440 2 740 1 806 2
1 395 1 730 3 700 1
2 804 2 164 1 583 1
2 934 2 787 1 941 2
2 93 1 620 0 205 3
1 52 2 81 3 278 2
1 506 2 991 3 256 3
1 476 3 583 0 295 2
1 951 2 272 3 860 0
2 824 2 373 3 312 0
1 440 2 740 1 806 2
1 395 1 730 3 700 1
2 804 2 164 1 583 1
2 934 2 787 1 941 2
2 93 1 620 0 205 3
1 52 2 81 3 278 2
1 506 2 991 3 256 3
1 476 3 583 0 295 2
1 951 2 272 3 860 0
2 824 2 373 3 312 0
1 440 2 740 1 806 2
1 395 1 730 3 700 1
2 804 2 164 1 583 1
2 934 2 787 1 941 2
2 93 1 620 0 205 3
1 52 2 81 3 278 2
1 506 2 991 3 256 3
1 476 3 583 0 295 2
1 951 2 272 3 860 0
2 824 2 373 3 312 0
1 440 2 740 1 806 2
1 395 1 730 3 700 1
2 804 2 164 1 583 1
2 934 2 787 1 941 2
2 93 1 620 0 205 3
1 52 2 81 3 278 2
1 506 2 991 3 256 3
1 476 3 583 0 295 2
1 951 2 272 3 860 0
2 824 2 373 3 312 0
1 440 2 740 1 806 2
1 395 1 730 3 700 1
2 804 2 164 1 583 1
2 934 2 787 1 941 2
2 93 1 620 0 205 3
1 52 2 81 3 278 2
1 506 2 991 3 256 3
1 476 3 583 0 295 2
1 951 2 272 3 860 0
2 824 2 373 3 312 0
1 440 2 740 1 806 2
1 395 1 730 3 700 1
2 804 2 164 1 583 1
2 934 2 787 1 941 2
2 93 1 620 0 205 3
1 52 2 81 3 278 2
1 506 2 991 3 256 3
1 476 3 583 0 295 2
1 951 2 272 3 860 0
2 824 2 373 3 312 0
1 440 2 740 1 806 2
1 395 1 730 3 700 1
2 804 2 164 1 583 1
2 934 2 787 1 941 2
2 93 1 620 0 205 3
1 52 2 81 3 278 2
1 506 2 991 3 256 3
1 476 3 583 0 295 2
1 951 2 272 3 860 0
2 824 2 373 3 312 0
1 440 2 740 1 806 2
1 395 1 730 3 700 1
2 804 2 164 1 583 1
2 934 2 787 1 941 2
2 93 1 620 0 205 3
1 52 2 81 3 278 2
1 506 2 991 3 256 3
1 476 3 583 0 295 2
1 951 2 272 3 860 0
2 824 2 373 3 312 0
1 440 2 740 1 806 2
1 395 1 730 3 700 1
2 804 2 164 1 583 1
2 934 2 787 1 941 2
2 93 1 620 0 205 3
1 52 2 81 3 278 2
1 506 2 991 3 256 3
1 476 3 583 0 295 2
1 951 2 272 3 860 0
2 824 2 373 3 312 0
1 440 2 740 1 806 2
1 395 1 730 3 700 1
2 804 2 164 1 583 1
2 934 2 787 1 941 2
2 93 1 620 0 205 3
1 52 2 81 3 278 2
1 506 2 991 3 256 3
1 476 3 583 0 295 2
1 951 2 272 3 860 0
2 824 2 373 3 312 0
1 440 2 740 1 806 2
1 395 1 730 3 700 1
2 804 2 164 1 583 1
2 934 2 787 1 941 2
2 93 1 620 0 205 3
1 52 2 81 3 278 2
1 506 2 991 3 256 3
1 476 3 583 0 295 2
1 951 2 272 3 860 0
2 824 2 373 3 312 0
1 440 2 740 1 806 2
1 395 1 730 3 700 1
2 804 2 164 1 583 1
2 934 2 787 1 941 2
2 93 1 620 0 205 3
1 52 2 81 3 278 2
1 506 2 991 3 256 3
1 476 3 583 0 295 2
1 951 2 272 3 860 0
2 824 2 373 3 312 0
1 440 2 740 1 806 2
1 395 1 730 3 700 1
2 804 2 164 1 583 1
2 934 2 787 1 941 2
2 93 1 620 0 205 3
1 52 2 81 3 278 2
1 506 2 991 3 256 3
1 476 3 583 0 295 2
1 951 2 272 3 860 0
2 824 2 373 3 312 0
1 440 2 740 1 806 2
1 395 1 730 3 700 1
2 804 2 164 1 583 1
2 934 2 787 1 941 2
2 93 1 620 0 205 3
1 52 2 81 3 278 2
1 506 2 991 3 256 3
1 476 3 583 0 295 2
1 951 2 272 3 860 0
2 824 2 373 3 312 0
1 440 2 740 1 806 2
1 395 1 730 3 700 1
2 804 2 164 1 583 1
2 934 2 787 1 941 2
2 93 1 620 0 205 3
1 52 2 81 3 278 2
1 506 2 991 3 256 3
1 476 3 583 0 295 2
1 951 2 272 3 860 0
2 824 2 373 3 312 0
1 440 2 740 1 806 2
1 395 1 730 3 700 1
2 804 2 164 1 583 1
2 934 2 787 1 941 2
2 93 1 620 0 205 3
1 52 2 81 3 278 2
1 506 2 991 3 256 3
1 476 3 583 0 295 2
1 951 2 272 3 860 0
2 824 2 373 3 312 0
1 440 2 740 1 806 2
1 395 1 730 3 700 1
2 804 2 164 1 583 1
2 934 2 787 1 941 2
2 93 1 620 0 205 3
1 52 2 81 3 278 2
1 506 2 991 3 256 3
1 476 3 583 0 295 2
1 951 2 272 3 860 0
2 824 2 373 3 312 0
1 440 2 740 1 806 2
1 395 1 730 3 700 1
2 804 2 164 1 583 1
2 934 2 787 1 941 2
2 93 1 620 0 205 3
1 52 2 81 3 278 2
1 506 2 991 3 256 3
1 476 3 583 0 295 2
1 951 2 272 3 860 0
2 824 2 373 3 312 0
1 440 2 740 1 806 2
1 395 1 730 3 700 1
2 804 2 164 1 583 1
2 934 2 787 1 941 2
2 93 1 620 0 205 3
1 52 2 81 3 278 2
1 506 2 991 3 256 3
1 476 3 583 0 295 2
1 951 2 272 3 860 0
2 824 2 373 3 312 0
1 440 2 740 1 806 2
1 395 1 730 3 700 1
2 804 2 164 1 583 1
2 934 2 787 1 941 2
2 93 1 620 0 205 3
1 52 2 81 3 278 2
1 506 2 991 3 256 3
1 476 3 583 0 295 2
1 951 2 272 3 860 0
2 824 2 373 3 312 0
1 440 2 740 1 806 2
1 395 1 730 3 700 1
2 804 2 164 1 583 1
2 934 2 787 1 941 2
2 93 1 620 0 205 3
1 52 2 81 3 278 2
1 506 2 991 3 256 3
1 476 3 583 0 295 2
1 951 2 272 3 860 0
2 824 2 373 3 312 0
1 440 2 740 1 806 2
1 395 1 730 3 700 1
2 804 2 164 1 583 1
2 934 2 787 1 941 2
2 93 1 620 0 205 3
1 52 2 81 3 278 2
1 506 2 991 3 256 3
1 476 3 583 0 295 2
1 951 2 272 3 860 0
2 824 2 373 3 312 0
1 440 2 740 1 806 2
1 395 1 730 3 700 1
2 804 2 164 1 583 1
2 934 2 787 1 941 2
2 93 1 620 0 205 3
1 52 2 81 3 278 2
1 506 2 991 3 256 3
1 476 3 583 0 295 2
1 951 2 272 3 860 0
2 824 2 373 3 312 0
1 440 2 740 1 806 2
1 395 1 730 3 700 1
2 804 2 164 1 583 1
2 934 2 787 1 941 2
2 93 1 620 0 205 3
1 52 2 81 3 278 2
1 506 2 991 3 256 3
1 476 3 583 0 295 2
1 951 2 272 3 860 0
2 824 2 373 3 312 0
1 440 2 740 1 806 2
1 395 1 730 3 700 1
2 804 2 164 1 583 1
2 934 2 787 1 941 2
2 93 1 620 0 205 3
1 52 2 81 3 278 2
1 506 2 991 3 256 3
1 476 3 583 0 295 2
1 951 2 272 3 860 0
2 824 2 373 3 312 0
1 440 2 740 1 806 2
1 395 1 730 3 700 1
2 804 2 164 1 583 1
2 934 2 787 1 941 2
2 93 1 620 0 205 3
1 52 2 81 3 278 2
1 506 2 991 3 256 3
1 476 3 583 0 295 2
1 951 2 272 3 860 0
2 824 2 373 3 312 0
1 440 2 740 1 806 2
1 395 1 730 3 700 1
2 804 2 164 1 583 1
2 934 2 787 1 941 2
2 93 1 620 0 205 3
1 52 2 81 3 278 2
1 506 2 991 3 256 3
1 476 3 583 0 295 2
1 951 2 272 3 860 0
2 824 2 373 3 312 0
1 440 2 740 1 806 2
1 395 1 730 3 700 1
2 804 2 164 1 583 1
2 934 2 787 1 941 2
2 93 1 620 0 205 3
1 52 2 81 3 278 2
1 506 2 991 3 256 3
1 476 3 583 0 295 2
1 951 2 272 3 860 0
2 824 2 373 3 312 0
1 440 2 740 1 806 2
1 395 1 730 3 700 1
2 804 2 164 1 583 1
2 934 2 787 1 941 2
2 93 1 620 0 205 3
1 52 2 81 3 278 2
1 506 2 991 3 256 3
1 476 3 583 0 295 2
1 951 2 272 3 860 0
2 824 2 373 3 312 0
1 440 2 740 1 806 2
1 395 1 730 3 700 1
2 804 2 164 1 583 1
2 934 2 787 1 941 2
2 93 1 620 0 205 3
1 52 2 81 3 278 2
1 506 2 991 3 256 3
1 476 3 583 0 295 2
1 951 2 272 3 860 0
2 824 2 373 3 312 0
1 440 2 740 1 806 2
1 395 1 730 3 700 1
2 804 2 164 1 583 1
2 934 2 787 1 941 2
2 93 1 620 0 205 3
1 52 2 81 3 278 2
1 506 2 991 3 256 3
1 476 3 583 0 295 2
1 951 2 272 3 860 0
2 824 2 373 3 312 0
1 440 2 740 1 806 2
1 395 1 730 3 700 1
2 804 2 164 1 583 1
2 934 2 787 1 941 2
2 93 1 620 0 205 3
1 52 2 81 3 278 2
1 506 2 991 3 256 3
1 476 3 583 0 295 2
1 951 2 272 3 860 0
2 824 2 373 3 312 0
1 440 2 740 1 806 2
1 395 1 730 3 700 1
2 804 2 164 1 583 1
2 934 2 787 1 941 2
2 93 1 620 0 205 3
1 52 2 81 3 278 2
1 506 2 991 3 256 3
1 476 3 583 0 295 2
1 951 2 272 3 860 0
2 824 2 373 3 312 0
1 440 2 740 1 806 2
1 395 1 730 3 700 1
2 804 2 164 1 583 1
2 934 2 787 1 941 2
2 93 1 620 0 205 3
1 52 2 81 3 278 2
1 506 2 991 3 256 3
1 476 3 583 0 295 2
1 951 2 272 3 860 0
2 824 2 373 3 312 0
1 440 2 740 1 806 2
1 395 1 730 3 700 1
2 804 2 164 1 583 1
2 934 2 787 1 941 2
2 93 1 620 0 205 3
1 52 2 81 3 278 2
1 506 2 991 3 256 3
1 476 3 583 0 295 2
1 951 2 272 3 860 0
2 824 2 373 3 312 0
1 440 2 740 1 806 2
1 395 1 730 3 700 1
2 804 2 164 1 583 1
2 934 2 787 1 941 2
2 93 1 620 0 205 3
1 52 2 81 3 278 2
1 506 2 991 3 256 3
1 476 3 583 0 295 2
1 951 2 272 3 860 0
2 824 2 373 3 312 0
1 440 2 740 1 806 2
1 395 1 730 3 700 1
2 804 2 164 1 583 1
2 934 2 787 1 941 2
2 93 1 620 0 205 3
1 52 2 81 3 278 2
1 506 2 991 3 256 3
1 476 3 583 0 295 2
1 951 2 272 3 860 0
2 824 2 373 3 312 0
1 440 2 740 1 806 2
1 395 1 730 3 700 1
2 804 2 164 1 583 1
2 934 2 787 1 941 2
2 93 1 620 0 205 3
1 52 2 81 3 278 2
1 506 2 991 3 256 3
1 476 3 583 0 295 2
1 951 2 272 3 860 0
2 824 2 373 3 312 0
1 440 2 740 1 806 2
1 395 1 730 3 700 1
2 804 2 164 1 583 1
2 934 2 787 1 941 2
2 93 1 620 0 205 3
1 52 2 81 3 278 2
1 506 2 991 3 256 3
1 476 3 583 0 295 2
1 951 2 272 3 860 0
2 824 2 373 3 312 0
1 440 2 740 1 806 2
1 395 1 730 3 700 1
2 804 2 164 1 583 1
2 934 2 787 1 941 2
2 93 1 620 0 205 3
1 52 2 81 3 278 2
1 506 2 991 3 256 3
1 476 3 583 0 295 2
1 951 2 272 3 860 0
2 824 2 373 3 312 0
1 440 2 740 1 806 2
1 395 1 730 3 700 1
2 804 2 164 1 583 1
2 934 2 787 1 941 2
2 93 1 620 0 205 3
1 52 2 81 3 278 2
1 506 2 991 3 256 3
1 476 3 583 0 295 2
1 951 2 272 3 860 0
2 824 2 373 3 312 0
1 440 2 740 1 806 2
1 395 1 730 3 700 1
2 804 2 164 1 583 1
2 934 2 787 1 941 2
2 93 1 620 0 205 3
1 52 2 81 3 278 2
1 506 2 991 3 256 3
1 476 3 583 0 295 2
1 951 2 272 3 860 0
2 824 2 373 3 312 0
1 440 2 740 1 806 2
1 395 1 730 3 700 1
2 804 2 164 1 583 1
2 934 2 787 1 941 2
2 93 1 620 0 205 3
1 52 2 81 3 278 2
1 506 2 991 3 256 3
1 476 3 583 0 295 2
1 951 2 272 3 860 0
2 824 2 373 3 312 0
1 440 2 740 1 806 2
1 395 1 730 3 700 1
2 804 2 164 1 583 1
2 934 2 787 1 941 2
2 93 1 620 0 205 3
1 52 2 81 3 278 2
1 506 2 991 3 256 3
1 476 3 583 0 295 2
1 951 2 272 3 860 0
2 824 2 373 3 312 0
1 440 2 740 1 806 2
1 395 1 730 3 700 1
2 804 2 164 1 583 1
2 934 2 787 1 941 2
2 93 1 620 0 205 3
1 52 2 81 3 278 2
1 506 2 991 3 256 3
1 476 3 583 0 295 2
1 951 2 272 3 860 0
2 824 2 373 3 312 0
1 440 2 740 1 806 2
1 395 1 730 3 700 1
2 804 2 164 1 583 1
2 934 2 787 1 941 2
2 93 1 620 0 205 3
1 52 2 81 3 278 2
1 506 2 991 3 256 3
1 476 3 583 0 295 2
1 951 2 272 3 860 0
2 824 2 373 3 312 0
1 440 2 740 1 806 2
1 395 1 730 3 700 1
2 804 2 164 1 583 1
2 934 2 787 1 941 2
2 93 1 620 0 205 3
1 52 2 81 3 278 2
1 506 2 991 3 256 3
1 476 3 583 0 295 2
1 951 2 272 3 860 0
2 824 2 373 3 312 0
1 440 2 740 1 806 2
1 395 1 730 3 700 1
2 804 2 164 1 583 1
2 934 2 787 1 941 2
2 93 1 620 0 205 3
1 52 2 81 3 278 2
1 506 2 991 3 256 3
1 476 3 583 0 295 2
1 951 2 272 3 860 0
2 824 2 373 3 312 0
1 440 2 740 1 806 2
1 395 1 730 3 700 1
2 804 2 164 1 583 1
2 934 2 787 1 941 2
2 93 1 620 0 205 3
1 52 2 81 3 278 2
1 506 2 991 3 256 3
1 476 3 583 0 295 2
1 951 2 272 3 860 0
2 824 2 373 3 312 0
1 440 2 740 1 806 2
1 395 1 730 3 700 1
2 804 2 164 1 583 1
2 934 2 787 1 941 2
2 93 1 620 0 205 3
1 52 2 81 3 278 2
1 506 2 991 3 256 3
1 476 3 583 0 295 2
1 951 2 272 3 860 0
2 824 2 373 3 312 0
1 440 2 740 1 806 2
1 395 1 730 3 700 1
2 804 2 164 1 583 1
2 934 2 787 1 941 2
2 93 1 620 0 205 3
1 52 2 81 3 278 2
1 506 2 991 3 256 3
1 476 3 583 0 295 2
1 951 2 272 3 860 0
2 824 2 373 3 312 0
1 440 2 740 1 806 2
1 395 1 730 3 700 1
2 804 2 164 1 583 1
2 934 2 787 1 941 2
2 93 1 620 0 205 3
1 52 2 81 3 278 2
1 506 2 991 3 256 3
1 476 3 583 0 295 2
1 951 2 272 3 860 0
2 824 2 373 3 312 0
1 440 2 740 1 806 2
1 395 1 730 3 700 1
2 804 2 164 1 583 1
2 934 2 787 1 941 2
2 93 1 620 0 205 3
1 52 2 81 3 278 2
1 506 2 991 3 256 3
1 476 3 583 0 295 2
1 951 2 272 3 860 0
2 824 2 373 3 312 0
1 440 2 740 1 806 2
1 395 1 730 3 700 1
2 804 2 164 1 583 1
2 934 2 787 1 941 2
2 93 1 620 0 205 3
1 52 2 81 3 278 2
1 506 2 991 3 256 3
1 476 3 583 0 295 2
1 951 2 272 3 860 0
2 824 2 373 3 312 0
1 440 2 740 1 806 2
1 395 1 730 3 700 1
2 804 2 164 1 583 1
2 934 2 787 1 941 2
2 93 1 620 0 205 3
1 52 2 81 3 278 2
1 506 2 991 3 256 3
1 476 3 583 0 295 2
1 951 2 272 3 860 0
2 824 2 373 3 312 0
1 440 2 740 1 806 2
1 395 1 730 3 700 1
2 804 2 164 1 583 1
2 934 2 787 1 941 2
2 93 1 620 0 205 3
1 52 2 81 3 278 2
1 506 2 991 3 256 3
1 476 3 583 0 295 2
1 951 2 272 3 860 0
2 824 2 373 3 312 0
1 440 2 740 1 806 2
1 395 1 730 3 700 1
2 804 2 164 1 583 1
2 934 2 787 1 941 2
2 93 1 620 0 205 3
1 52 2 81 3 278 2
1 506 2 991 3 256 3
1 476 3 583 0 295 2
1 951 2 272 3 860 0
2 824 2 373 3 312 0
1 440 2 740 1 806 2
1 395 1 730 3 700 1
2 804 2 164 1 583 1
2 934 2 787 1 941 2
2 93 1 620 0 205 3
1 52 2 81 3 278 2
1 506 2 991 3 256 3
1 476 3 583 0 295 2
1 951 2 272 3 860 0
2 824 2 373 3 312 0
1 440 2 740 1 806 2
1 395 1 730 3 700 1
2 804 2 164 1 583 1
2 934 2 787 1 941 2
2 93 1 620 0 205 3
1 52 2 81 3 278 2
1 506 2 991 3 256 3
1 476 3 583 0 295 2
1 951 2 272 3 860 0
2 824 2 373 3 312 0
1 440 2 740 1 806 2
1 395 1 730 3 700 1
2 804 2 164 1 583 1
2 934 2 787 1 941 2
2 93 1 620 0 205 3
1 52 2 81 3 278 2
1 506 2 991 3 256 3
1 476 3 583 0 295 2
1 951 2 272 3 860 0
2 824 2 373 3 312 0
1 440 2 740 1 806 2
1 395 1 730 3 700 1
2 804 2 164 1 583 1
2 934 2 787 1 941 2
2 93 1 620 0 205 3
1 52 2 81 3 278 2
1 506 2 991 3 256 3
1 476 3 583 0 295 2
1 951 2 272 3 860 0
2 824 2 373 3 312 0
1 440 2 740 1 806 2
1 395 1 730 3 700 1
2 804 2 164 1 583 1
2 934 2 787 1 941 2
2 93 1 620 0 205 3
1 52 2 81 3 278 2
1 506 2 991 3 256 3
1 476 3 583 0 295 2
1 951 2 272 3 860 0
2 824 2 373 3 312 0
1 440 2 740 1 806 2
1 395 1 730 3 700 1
2 804 2 164 1 583 1
2 934 2 787 1 941 2
2 93 1 620 0 205 3
1 52 2 81 3 278 2
1 506 2 991 3 256 3
1 476 3 583 0 295 2
1 951 2 272 3 860 0
2 824 2 373 3 312 0
1 440 2 740 1 806 2
1 395 1 730 3 700 1
2 804 2 164 1 583 1
2 934 2 787 1 941 2
2 93 1 620 0 205 3
1 52 2 81 3 278 2
1 506 2 991 3 256 3
1 476 3 583 0 295 2
1 951 2 272 3 860 0
2 824 2 373 3 312 0
1 440 2 740 1 806 2
1 395 1 730 3 700 1
2 804 2 164 1 583 1
2 934 2 787 1 941 2
2 93 1 620 0 205 3
1 52 2 81 3 278 2
1 506 2 991 3 256 3
1 476 3 583 0 295 2
1 951 2 272 3 860 0
2 824 2 373 3 312 0
1 440 2 740 1 806 2
1 395 1 730 3 700 1
2 804 2 164 1 583 1
2 934 2 787 1 941 2
2 93 1 620 0 205 3
1 52 2 81 3 278 2
1 506 2 991 3 256 3
1 476 3 583 0 295 2
1 951 2 272 3 860 0
2 824 2 373 3 312 0
1 440 2 740 1 806 2
1 395 1 730 3 700 1
2 804 2 164 1 583 1
2 934 2 787 1 941 2
2 93 1 620 0 205 3
1 52 2 81 3 278 2
1 506 2 991 3 256 3
1 476 3 583 0 295 2
1 951 2 272 3 860 0
2 824 2 373 3 312 0
1 440 2 740 1 806 2
1 395 1 730 3 700 1
2 804 2 164 1 583 1
2 934 2 787 1 941 2
2 93 1 620 0 205 3
1 52 2 81 3 278 2
1 506 2 991 3 256 3
1 476 3 583 0 295 2
1 951 2 272 3 860 0
2 824 2 373 3 312 0
1 440 2 740 1 806 2
1 395 1 730 3 700 1
2 804 2 164 1 583 1
2 934 2 787 1 941 2
2 93 1 620 0 205 3
1 52 2 81 3 278 2
1 506 2 991 3 256 3
1 476 3 583 0 295 2
1 951 2 272 3 860 0
2 824 2 373 3 312 0
1 440 2 740 1 806 2
1 395 1 730 3 700 1
2 804 2 164 1 583 1
2 934 2 787 1 941 2
2 93 1 620 0 205 3
1 52 2 81 3 278 2
1 506 2 991 3 256 3
1 476 3 583 0 295 2
1 951 2 272 3 860 0
2 824 2 373 3 312 0
1 440 2 740 1 806 2
1 395 1 730 3 700 1
2 804 2 164 1 583 1
2 934 2 787 1 941 2
2 93 1 620 0 205 3
1 52 2 81 3 278 2
1 506 2 991 3 256 3
1 476 3 583 0 295 2
1 951 2 272 3 860 0
2 824 2 373 3 312 0
1 440 2 740 1 806 2
1 395 1 730 3 700 1
2 804 2 164 1 583 1
2 934 2 787 1 941 2
2 93 1 620 0 205 3
1 52 2 81 3 278 2
1 506 2 991 3 256 3
1 476 3 583 0 295 2
1 951 2 272 3 860 0
2 824 2 373 3 312 0
1 440 2 740 1 806 2
1 395 1 730 3 700 1
2 804 2 164 1 583 1
2 934 2 787 1 941 2
2 93 1 620 0 205 3
1 52 2 81 3 278 2
1 506 2 991 3 256 3
1 476 3 583 0 295 2
1 951 2 272 3 860 0
2 824 2 373 3 312 0
1 440 2 740 1 806 2
1 395 1 730 3 700 1
2 804 2 164 1 583 1
2 934 2 787 1 941 2
2 93 1 620 0 205 3
1 52 2 81 3 278 2
1 506 2 991 3 256 3
1 476 3 583 0 295 2
1 951 2 272 3 860 0
2 824 2 373 3 312 0
1 440 2 740 1 806 2
1 395 1 730 3 700 1
2 804 2 164 1 583 1
2 934 2 787 1 941 2
2 93 1 620 0 205 3
1 52 2 81 3 278 2
1 506 2 991 3 256 3
1 476 3 583 0 295 2
1 951 2 272 3 860 0
2 824 2 373 3 312 0
1 440 2 740 1 806 2
1 395 1 730 3 700 1
2 804 2 164 1 583 1
2 934 2 787 1 941 2
2 93 1 620 0 205 3
1 52 2 81 3 278 2
1 506 2 991 3 256 3
1 476 3 583 0 295 2
1 951 2 272 3 860 0
2 824 2 373 3 312 0
1 440 2 740 1 806 2
1 395 1 730 3 700 1
2 804 2 164 1 583 1
2 934 2 787 1 941 2
2 93 1 620 0 205 3
1 52 2 81 3 278 2
1 506 2 991 3 256 3
1 476 3 583 0 295 2
1 951 2 272 3 860 0
2 824 2 373 3 312 0
1 440 2 740 1 806 2
1 395 1 730 3 700 1
2 804 2 164 1 583 1
2 934 2 787 1 941 2
2 93 1 620 0 205 3
1 52 2 81 3 278 2
1 506 2 991 3 256 3
1 476 3 583 0 295 2
1 951 2 272 3 860 0
2 824 2 373 3 312 0
1 440 2 740 1 806 2
1 395 1 730 3 700 1
2 804 2 164 1 583 1
2 934 2 787 1 941 2
2 93 1 620 0 205 3
1 52 2 81 3 278 2
1 506 2 991 3 256 3
1 476 3 583 0 295 2
1 951 2 272 3 860 0
2 824 2 373 3 312 0
1 440 2 740 1 806 2
1 395 1 730 3 700 1
2 804 2 164 1 583 1
2 934 2 787 1 941 2
2 93 1 620 0 205 3
1 52 2 81 3 278 2
1 506 2 991 3 256 3
1 476 3 583 0 295 2
1 951 2 272 3 860 0
2 824 2 373 3 312 0
1 440 2 740 1 806 2
1 395 1 730 3 700 1
2 804 2 164 1 583 1
2 934 2 787 1 941 2
2 93 1 620 0 205 3
1 52 2 81 3 278 2
1 506 2 991 3 256 3
1 476 3 583 0 295 2
1 951 2 272 3 860 0
2 824 2 373 3 312 0
1 440 2 740 1 806 2
1 395 1 730 3 700 1
2 804 2 164 1 583 1
2 934 2 787 1 941 2
2 93 1 620 0 205 3
1 52 2 81 3 278 2
1 506 2 991 3 256 3
1 476 3 583 0 295 2
1 951 2 272 3 860 0
2 824 2 373 3 312 0
1 440 2 740 1 806 2
1 395 1 730 3 700 1
2 804 2 164 1 583 1
2 934 2 787 1 941 2
2 93 1 620 0 205 3
1 52 2 81 3 278 2
1 506 2 991 3 256 3
1 476 3 583 0 295 2
1 951 2 272 3 860 0
2 824 2 373 3 312 0
1 440 2 740 1 806 2
1 395 1 730 3 700 1
2 804 2 164 1 583 1
2 934 2 787 1 941 2
2 93 1 620 0 205 3
1 52 2 81 3 278 2
1 506 2 991 3 256 3
1 476 3 583 0 295 2
1 951 2 272 3 860 0
2 824 2 373 3 312 0
1 440 2 740 1 806 2
1 395 1 730 3 700 1
2 804 2 164 1 583 1
2 934 2 787 1 941 2
2 93 1 620 0 205 3
1 52 2 81 3 278 2
1 506 2 991 3 256 3
1 476 3 583 0 295 2
1 951 2 272 3 860 0
2 824 2 373 3 312 0
1 440 2 740 1 806 2
1 395 1 730 3 700 1
2 804 2 164 1 583 1
2 934 2 787 1 941 2
2 93 1 620 0 205 3
1 52 2 81 3 278 2
1 506 2 991 3 256 3
1 476 3 583 0 295 2
1 951 2 272 3 860 0
2 824 2 373 3 312 0
1 440 2 740 1 806 2
1 395 1 730 3 700 1
2 804 2 164 1 583 1
2 934 2 787 1 941 2
2 93 1 620 0 205 3
1 52 2 81 3 278 2
1 506 2 991 3 256 3
1 476 3 583 0 295 2
1 951 2 272 3 860 0
2 824 2 373 3 312 0
1 440 2 740 1 806 2
1 395 1 730 3 700 1
2 804 2 164 1 583 1
2 934 2 787 1 941 2
2 93 1 620 0 205 3
1 52 2 81 3 278 2
1 506 2 991 3 256 3
1 476 3 583 0 295 2
1 951 2 272 3 860 0
2 824 2 373 3 312 0
1 440 2 740 1 806 2
1 395 1 730 3 700 1
2 804 2 164 1 583 1
2 934 2 787 1 941 2
2 93 1 620 0 205 3
1 52 2 81 3 278 2
1 506 2 991 3 256 3
1 476 3 583 0 295 2
1 951 2 272 3 860 0
2 824 2 373 3 312 0
1 440 2 740 1 806 2
1 395 1 730 3 700 1
2 804 2 164 1 583 1
2 934 2 787 1 941 2
2 93 1 620 0 205 3
1 52 2 81 3 278 2
1 506 2 991 3 256 3
1 476 3 583 0 295 2
1 951 2 272 3 860 0
2 824 2 373 3 312 0
1 440 2 740 1 806 2
1 395 1 730 3 700 1
2 804 2 164 1 583 1
2 934 2 787 1 941 2
2 93 1 620 0 205 3
1 52 2 81 3 278 2
1 506 2 991 3 256 3
1 476 3 583 0 295 2
1 951 2 272 3 860 0
2 824 2 373 3 312 0
1 440 2 740 1 806 2
1 395 1 730 3 700 1
2 804 2 164 1 583 1
2 934 2 787 1 941 2
2 93 1 620 0 205 3
1 52 2 81 3 278 2
1 506 2 991 3 256 3
1 476 3 583 0 295 2
1 951 2 272 3 860 0
2 824 2 373 3 312 0
1 440 2 740 1 806 2
1 395 1 730 3 700 1
2 804 2 164 1 583 1
2 934 2 787 1 941 2
2 93 1 620 0 205 3
1 52 2 81 3 278 2
1 506 2 991 3 256 3
1 476 3 583 0 295 2
1 951 2 272 3 860 0
2 824 2 373 3 312 0
1 440 2 740 1 806 2
1 395 1 730 3 700 1
2 804 2 164 1 583 1
2 934 2 787 1 941 2
2 93 1 620 0 205 3
1 52 2 81 3 278 2
1 506 2 991 3 256 3
1 476 3 583 0 295 2
1 951 2 272 3 860 0
2 824 2 373 3 312 0
1 440 2 740 1 806 2
1 395 1 730 3 700 1
2 804 2 164 1 583 1
2 934 2 787 1 941 2
2 93 1 620 0 205 3
1 52 2 81 3 278 2
1 506 2 991 3 256 3
1 476 3 583 0 295 2
1 951 2 272 3 860 0
2 824 2 373 3 312 0
1 440 2 740 1 806 2
1 395 1 730 3 700 1
2 804 2 164 1 583 1
2 934 2 787 1 941 2
2 93 1 620 0 205 3
1 52 2 81 3 278 2
1 506 2 991 3 256 3
1 476 3 583 0 295 2
1 951 2 272 3 860 0
2 824 2 373 3 312 0
1 440 2 740 1 806 2
1 395 1 730 3 700 1
2 804 2 164 1 583 1
2 934 2 787 1 941 2
2 93 1 620 0 205 3
1 52 2 81 3 278 2
1 506 2 991 3 256 3
1 476 3 583 0 295 2
1 951 2 272 3 860 0
2 824 2 373 3 312 0
1 440 2 740 1 806 2
1 395 1 730 3 700 1
2 804 2 164 1 583 1
2 934 2 787 1 941 2
2 93 1 620 0 205 3
1 52 2 81 3 278 2
1 506 2 991 3 256 3
1 476 3 583 0 295 2
1 951 2 272 3 860 0
2 824 2 373 3 312 0
1 440 2 740 1 806 2
1 395 1 730 3 700 1
2 804 2 164 1 583 1
2 934 2 787 1 941 2
2 93 1 620 0 205 3
1 52 2 81 3 278 2
1 506 2 991 3 256 3
1 476 3 583 0 295 2
1 951 2 272 3 860 0
2 824 2 373 3 312 0
1 440 2 740 1 806 2
1 395 1 730 3 700 1
2 804 2 164 1 583 1
2 934 2 787 1 941 2
2 93 1 620 0 205 3
1 52 2 81 3 278 2
1 506 2 991 3 256 3
1 476 3 583 0 295 2
1 951 2 272 3 860 0
2 824 2 373 3 312 0
1 440 2 740 1 806 2
1 395 1 730 3 700 1
2 804 2 164 1 583 1
2 934 2 787 1 941 2
2 93 1 620 0 205 3
1 52 2 81 3 278 2
1 506 2 991 3 256 3
1 476 3 583 0 295 2
1 951 2 272 3 860 0
2 824 2 373 3 312 0
1 440 2 740 1 806 2
1 395 1 730 3 700 1
2 804 2 164 1 583 1
2 934 2 787 1 941 2
2 93 1 620 0 205 3
1 52 2 81 3 278 2
1 506 2 991 3 256 3
1 476 3 583 0 295 2
1 951 2 272 3 860 0
2 824 2 373 3 312 0
1 440 2 740 1 806 2
1 395 1 730 3 700 1
2 804 2 164 1 583 1
2 934 2 787 1 941 2
2 93 1 620 0 205 3
1 52 2 81 3 278 2
1 506 2 991 3 256 3
1 476 3 583 0 295 2
1 951 2 272 3 860 0
2 824 2 373 3 312 0
1 440 2 740 1 806 2
1 395 1 730 3 700 1
2 804 2 164 1 583 1
2 934 2 787 1 941 2
2 93 1 620 0 205 3
1 52 2 81 3 278 2
1 506 2 991 3 256 3
1 476 3 583 0 295 2
1 951 2 272 3 860 0
2 824 2 373 3 312 0
1 440 2 740 1 806 2
1 395 1 730 3 700 1
2 804 2 164 1 583 1
2 934 2 787 1 941 2
2 93 1 620 0 205 3
1 52 2 81 3 278 2
1 506 2 991 3 256 3
1 476 3 583 0 295 2
1 951 2 272 3 860 0
2 824 2 373 3 312 0
1 440 2 740 1 806 2
1 395 1 730 3 700 1
2 804 2 164 1 583 1
2 934 2 787 1 941 2
2 93 1 620 0 205 3
1 52 2 81 3 278 2
1 506 2 991 3 256 3
1 476 3 583 0 295 2
1 951 2 272 3 860 0
2 824 2 373 3 312 0
1 440 2 740 1 806 2
1 395 1 730 3 700 1
2 804 2 164 1 583 1
2 934 2 787 1 941 2
2 93 1 620 0 205 3
1 52 2 81 3 278 2
1 506 2 991 3 256 3
1 476 3 583 0 295 2
1 951 2 272 3 860 0
2 824 2 373 3 312 0
1 440 2 740 1 806 2
1 395 1 730 3 700 1
2 804 2 164 1 583 1
2 934 2 787 1 941 2
2 93 1 620 0 205 3
1 52 2 81 3 278 2
1 506 2 991 3 256 3
1 476 3 583 0 295 2
1 951 2 272 3 860 0
2 824 2 373 3 312 0
1 440 2 740 1 806 2
1 395 1 730 3 700 1
2 804 2 164 1 583 1
2 934 2 787 1 941 2
2 93 1 620 0 205 3
1 52 2 81 3 278 2
1 506 2 991 3 256 3
1 476 3 583 0 295 2
1 951 2 272 3 860 0
2 824 2 373 3 312 0
1 440 2 740 1 806 2
1 395 1 730 3 700 1
2 804 2 164 1 583 1
2 934 2 787 1 941 2
2 93 1 620 0 205 3
1 52 2 81 3 278 2
1 506 2 991 3 256 3
1 476 3 583 0 295 2
1 951 2 272 3 860 0
2 824 2 373 3 312 0
1 440 2 740 1 806 2
1 395 1 730 3 700 1
2 804 2 164 1 583 1
2 934 2 787 1 941 2
2 93 1 620 0 205 3
1 52 2 81 3 278 2
1 506 2 991 3 256 3
1 476 3 583 0 295 2
1 951 2 272 3 860 0
2 824 2 373 3 312 0
1 440 2 740 1 806 2
1 395 1 730 3 700 1
2 804 2 164 1 583 1
2 934 2 787 1 941 2
2 93 1 620 0 205 3
1 52 2 81 3 278 2
1 506 2 991 3 256 3
1 476 3 583 0 295 2
1 951 2 272 3 860 0
2 824 2 373 3 312 0
1 440 2 740 1 806 2
1 395 1 730 3 700 1
2 804 2 164 1 583 1
2 934 2 787 1 941 2
2 93 1 620 0 205 3
1 52 2 81 3 278 2
1 506 2 991 3 256 3
1 476 3 583 0 295 2
1 951 2 272 3 860 0
2 824 2 373 3 312 0
1 440 2 740 1 806 2
1 395 1 730 3 700 1
2 804 2 164 1 583 1
2 934 2 787 1 941 2
2 93 1 620 0 205 3
1 52 2 81 3 278 2
1 506 2 991 3 256 3
1 476 3 583 0 295 2
1 951 2 272 3 860 0
2 824 2 373 3 312 0
1 440 2 740 1 806 2
1 395 1 730 3 700 1
2 804 2 164 1 583 1
2 934 2 787 1 941 2
2 93 1 620 0 205 3
1 52 2 81 3 278 2
1 506 2 991 3 256 3
1 476 3 583 0 295 2
1 951 2 272 3 860 0
2 824 2 373 3 312 0
1 440 2 740 1 806 2
1 395 1 730 3 700 1
2 804 2 164 1 583 1
2 934 2 787 1 941 2
2 93 1 620 0 205 3
1 52 2 81 3 278 2
1 506 2 991 3 256 3
1 476 3 583 0 295 2
1 951 2 272 3 860 0
2 824 2 373 3 312 0
1 440 2 740 1 806 2
1 395 1 730 3 700 1
2 804 2 164 1 583 1
2 934 2 787 1 941 2
2 93 1 620 0 205 3
1 52 2 81 3 278 2
1 506 2 991 3 256 3
1 476 3 583 0 295 2
1 951 2 272 3 860 0
2 824 2 373 3 312 0
1 440 2 740 1 806 2
1 395 1 730 3 700 1
2 804 2 164 1 583 1
2 934 2 787 1 941 2
2 93 1 620 0 205 3
1 52 2 81 3 278 2
1 506 2 991 3 256 3
1 476 3 583 0 295 2
1 951 2 272 3 860 0
2 824 2 373 3 312 0
1 440 2 740 1 806 2
1 395 1 730 3 700 1
2 804 2 164 1 583 1
2 934 2 787 1 941 2
2 93 1 620 0 205 3
1 52 2 81 3 278 2
1 506 2 991 3 256 3
1 476 3 583 0 295 2
1 951 2 272 3 860 0
2 824 2 373 3 312 0
1 440 2 740 1 806 2
1 395 1 730 3 700 1
2 804 2 164 1 583 1
2 934 2 787 1 941 2
2 93 1 620 0 205 3
1 52 2 81 3 278 2
1 506 2 991 3 256 3
1 476 3 583 0 295 2
1 951 2 272 3 860 0
2 824 2 373 3 312 0
1 440 2 740 1 806 2
1 395 1 730 3 700 1
2 804 2 164 1 583 1
2 934 2 787 1 941 2
2 93 1 620 0 205 3
1 52 2 81 3 278 2
1 506 2 991 3 256 3
1 476 3 583 0 295 2
1 951 2 272 3 860 0
2 824 2 373 3 312 0
1 440 2 740 1 806 2
1 395 1 730 3 700 1
2 804 2 164 1 583 1
2 934 2 787 1 941 2
2 93 1 620 0 205 3
1 52 2 81 3 278 2
1 506 2 991 3 256 3
1 476 3 583 0 295 2
1 951 2 272 3 860 0
2 824 2 373 3 312 0
1 440 2 740 1 806 2
1 395 1 730 3 700 1
2 804 2 164 1 583 1
2 934 2 787 1 941 2
2 93 1 620 0 205 3
1 52 2 81 3 278 2
1 506 2 991 3 256 3
1 476 3 583 0 295 2
1 951 2 272 3 860 0
2 824 2 373 3 312 0
1 440 2 740 1 806 2
1 395 1 730 3 700 1
2 804 2 164 1 583 1
2 934 2 787 1 941 2
2 93 1 620 0 205 3
1 52 2 81 3 278 2
1 506 2 991 3 256 3
1 476 3 583 0 295 2
1 951 2 272 3 860 0
2 824 2 373 3 312 0
1 440 2 740 1 806 2
1 395 1 730 3 700 1
2 804 2 164 1 583 1
2 934 2 787 1 941 2
2 93 1 620 0 205 3
1 52 2 81 3 278 2
1 506 2 991 3 256 3
1 476 3 583 0 295 2
1 951 2 272 3 860 0
2 824 2 373 3 312 0
1 440 2 740 1 806 2
1 395 1 730 3 700 1
2 804 2 164 1 583 1
2 934 2 787 1 941 2
2 93 1 620 0 205 3
1 52 2 81 3 278 2
1 506 2 991 3 256 3
1 476 3 583 0 295 2
1 951 2 272 3 860 0
2 824 2 373 3 312 0
1 440 2 740 1 806 2
1 395 1 730 3 700 1
2 804 2 164 1 583 1
2 934 2 787 1 941 2
2 93 1 620 0 205 3
1 52 2 81 3 278 2
1 506 2 991 3 256 3
1 476 3 583 0 295 2
1 951 2 272 3 860 0
2 824 2 373 3 312 0
1 440 2 740 1 806 2
1 395 1 730 3 700 1
2 804 2 164 1 583 1
2 934 2 787 1 941 2
2 93 1 620 0 205 3
1 52 2 81 3 278 2
1 506 2 991 3 256 3
1 476 3 583 0 295 2
1 951 2 272 3 860 0
2 824 2 373 3 312 0
1 440 2 740 1 806 2
1 395 1 730 3 700 1
2 804 2 164 1 583 1
2 934 2 787 1 941 2
2 93 1 620 0 205 3
1 52 2 81 3 278 2
1 506 2 991 3 256 3
1 476 3 583 0 295 2
1 951 2 272 3 860 0
2 824 2 373 3 312 0
1 440 2 740 1 806 2
1 395 1 730 3 700 1
2 804 2 164 1 583 1
2 934 2 787 1 941 2
2 93 1 620 0 205 3
1 52 2 81 3 278 2
1 506 2 991 3 256 3
1 476 3 583 0 295 2
1 951 2 272 3 860 0
2 824 2 373 3 312 0
1 440 2 740 1 806 2
1 395 1 730 3 700 1
2 804 2 164 1 583 1
2 934 2 787 1 941 2
2 93 1 620 0 205 3
1 52 2 81 3 278 2
1 506 2 991 3 256 3
1 476 3 583 0 295 2
1 951 2 272 3 860 0
2 824 2 373 3 312 0
1 440 2 740 1 806 2
1 395 1 730 3 700 1
2 804 2 164 1 583 1
2 934 2 787 1 941 2
2 93 1 620 0 205 3
1 52 2 81 3 278 2
1 506 2 991 3 256 3
1 476 3 583 0 295 2
1 951 2 272 3 860 0
2 824 2 373 3 312 0
1 440 2 740 1 806 2
1 395 1 730 3 700 1
2 804 2 164 1 583 1
2 934 2 787 1 941 2
2 93 1 620 0 205 3
1 52 2 81 3 278 2
1 506 2 991 3 256 3
1 476 3 583 0 295 2
1 951 2 272 3 860 0
2 824 2 373 3 312 0
1 440 2 740 1 806 2
1 395 1 730 3 700 1
2 804 2 164 1 583 1
2 934 2 787 1 941 2
2 93 1 620 0 205 3
1 52 2 81 3 278 2
1 506 2 991 3 256 3
1 476 3 583 0 295 2
1 951 2 272 3 860 0
2 824 2 373 3 312 0
1 440 2 740 1 806 2
1 395 1 730 3 700 1
2 804 2 164 1 583 1
2 934 2 787 1 941 2
2 93 1 620 0 205 3
1 52 2 81 3 278 2
1 506 2 991 3 256 3
1 476 3 583 0 295 2
1 951 2 272 3 860 0
2 824 2 373 3 312 0
1 440 2 740 1 806 2
1 395 1 730 3 700 1
2 804 2 164 1 583 1
2 934 2 787 1 941 2
2 93 1 620 0 205 3
1 52 2 81 3 278 2
1 506 2 991 3 256 3
1 476 3 583 0 295 2
1 951 2 272 3 860 0
2 824 2 373 3 312 0
1 440 2 740 1 806 2
1 395 1 730 3 700 1
2 804 2 164 1 583 1
2 934 2 787 1 941 2
2 93 1 620 0 205 3
1 52 2 81 3 278 2
1 506 2 991 3 256 3
1 476 3 583 0 295 2
1 951 2 272 3 860 0
2 824 2 373 3 312 0
1 440 2 740 1 806 2
1 395 1 730 3 700 1
2 804 2 164 1 583 1
2 934 2 787 1 941 2
2 93 1 620 0 205 3
1 52 2 81 3 278 2
1 506 2 991 3 256 3
1 476 3 583 0 295 2
1 951 2 272 3 860 0
2 824 2 373 3 312 0
1 440 2 740 1 806 2
1 395 1 730 3 700 1
2 804 2 164 1 583 1
2 934 2 787 1 941 2
2 93 1 620 0 205 3
1 52 2 81 3 278 2
1 506 2 991 3 256 3
1 476 3 583 0 295 2
1 951 2 272 3 860 0
2 824 2 373 3 312 0
1 440 2 740 1 806 2
1 395 1 730 3 700 1
2 804 2 164 1 583 1
2 934 2 787 1 941 2
2 93 1 620 0 205 3
1 52 2 81 3 278 2
1 506 2 991 3 256 3
1 476 3 583 0 295 2
1 951 2 272 3 860 0
2 824 2 373 3 312 0
1 440 2 740 1 806 2
1 395 1 730 3 700 1
2 804 2 164 1 583 1
2 934 2 787 1 941 2
2 93 1 620 0 205 3
1 52 2 81 3 278 2
1 506 2 991 3 256 3
1 476 3 583 0 295 2
1 951 2 272 3 860 0
2 824 2 373 3 312 0
1 440 2 740 1 806 2
1 395 1 730 3 700 1
2 804 2 164 1 583 1
2 934 2 787 1 941 2
2 93 1 620 0 205 3
1 52 2 81 3 278 2
1 506 2 991 3 256 3
1 476 3 583 0 295 2
1 951 2 272 3 860 0
2 824 2 373 3 312 0
1 440 2 740 1 806 2
1 395 1 730 3 700 1
2 804 2 164 1 583 1
2 934 2 787 1 941 2
2 93 1 620 0 205 3
1 52 2 81 3 278 2
1 506 2 991 3 256 3
1 476 3 583 0 295 2
1 951 2 272 3 860 0
2 824 2 373 3 312 0
1 440 2 740 1 806 2
1 395 1 730 3 700 1
2 804 2 164 1 583 1
2 934 2 787 1 941 2
2 93 1 620 0 205 3
1 52 2 81 3 278 2
1 506 2 991 3 256 3
1 476 3 583 0 295 2
1 951 2 272 3 860 0
2 824 2 373 3 312 0
1 440 2 740 1 806 2
1 395 1 730 3 700 1
2 804 2 164 1 583 1
2 934 2 787 1 941 2
2 93 1 620 0 205 3
1 52 2 81 3 278 2
1 506 2 991 3 256 3
1 476 3 583 0 295 2
1 951 2 272 3 860 0
2 824 2 373 3 312 0
1 440 2 740 1 806 2
1 395 1 730 3 700 1
2 804 2 164 1 583 1
2 934 2 787 1 941 2
2 93 1 620 0 205 3
1 52 2 81 3 278 2
1 506 2 991 3 256 3
1 476 3 583 0 295 2
1 951 2 272 3 860 0
2 824 2 373 3 312 0
1 440 2 740 1 806 2
1 395 1 730 3 700 1
2 804 2 164 1 583 1
2 934 2 787 1 941 2
2 93 1 620 0 205 3
1 52 2 81 3 278 2
1 506 2 991 3 256 3
1 476 3 583 0 295 2
1 951 2 272 3 860 0
2 824 2 373 3 312 0
1 440 2 740 1 806 2
1 395 1 730 3 700 1
2 804 2 164 1 583 1
2 934 2 787 1 941 2
2 93 1 620 0 205 3
1 52 2 81 3 278 2
1 506 2 991 3 256 3
1 476 3 583 0 295 2
1 951 2 272 3 860 0
2 824 2 373 3 312 0
1 440 2 740 1 806 2
1 395 1 730 3 700 1
2 804 2 164 1 583 1
2 934 2 787 1 941 2
2 93 1 620 0 205 3
1 52 2 81 3 278 2
1 506 2 991 3 256 3
1 476 3 583 0 295 2
1 951 2 272 3 860 0
2 824 2 373 3 312 0
1 440 2 740 1 806 2
1 395 1 730 3 700 1
2 804 2 164 1 583 1
2 934 2 787 1 941 2
2 93 1 620 0 205 3
1 52 2 81 3 278 2
1 506 2 991 3 256 3
1 476 3 583 0 295 2
1 951 2 272 3 860 0
2 824 2 373 3 312 0
1 440 2 740 1 806 2
1 395 1 730 3 700 1
2 804 2 164 1 583 1
2 934 2 787 1 941 2
2 93 1 620 0 205 3
1 52 2 81 3 278 2
1 506 2 991 3 256 3
1 476 3 583 0 295 2
1 951 2 272 3 860 0
2 824 2 373 3 312 0
1 440 2 740 1 806 2
1 395 1 730 3 700 1
2 804 2 164 1 583 1
2 934 2 787 1 941 2
2 93 1 620 0 205 3
1 52 2 81 3 278 2
1 506 2 991 3 256 3
1 476 3 583 0 295 2
1 951 2 272 3 860 0
2 824 2 373 3 312 0
1 440 2 740 1 806 2
1 395 1 730 3 700 1
2 804 2 164 1 583 1
2 934 2 787 1 941 2
2 93 1 620 0 205 3
1 52 2 81 3 278 2
1 506 2 991 3 256 3
1 476 3 583 0 295 2
1 951 2 272 3 860 0
2 824 2 373 3 312 0
1 440 2 740 1 806 2
1 395 1 730 3 700 1
2 804 2 164 1 583 1
2 934 2 787 1 941 2
2 93 1 620 0 205 3
1 52 2 81 3 278 2
1 506 2 991 3 256 3
1 476 3 583 0 295 2
1 951 2 272 3 860 0
2 824 2 373 3 312 0
1 440 2 740 1 806 2
1 395 1 730 3 700 1
2 804 2 164 1 583 1
2 934 2 787 1 941 2
2 93 1 620 0 205 3
1 52 2 81 3 278 2
1 506 2 991 3 256 3
1 476 3 583 0 295 2
1 951 2 272 3 860 0
2 824 2 373 3 312 0
1 440 2 740 1 806 2
1 395 1 730 3 700 1
2 804 2 164 1 583 1
2 934 2 787 1 941 2
2 93 1 620 0 205 3
1 52 2 81 3 278 2
1 506 2 991 3 256 3
1 476 3 583 0 295 2
1 951 2 272 3 860 0
2 824 2 373 3 312 0
1 440 2 740 1 806 2
1 395 1 730 3 700 1
2 804 2 164 1 583 1
2 934 2 787 1 941 2
2 93 1 620 0 205 3
1 52 2 81 3 278 2
1 506 2 991 3 256 3
1 476 3 583 0 295 2
1 951 2 272 3 860 0
2 824 2 373 3 312 0
1 440 2 740 1 806 2
1 395 1 730 3 700 1
2 804 2 164 1 583 1
2 934 2 787 1 941 2
2 93 1 620 0 205 3
1 52 2 81 3 278 2
1 506 2 991 3 256 3
1 476 3 583 0 295 2
1 951 2 272 3 860 0
2 824 2 373 3 312 0
1 440 2 740 1 806 2
1 395 1 730 3 700 1
2 804 2 164 1 583 1
2 934 2 787 1 941 2
2 93 1 620 0 205 3
1 52 2 81 3 278 2
1 506 2 991 3 256 3
1 476 3 583 0 295 2
1 951 2 272 3 860 0
2 824 2 373 3 312 0
1 440 2 740 1 806 2
1 395 1 730 3 700 1
2 804 2 164 1 583 1
2 934 2 787 1 941 2
2 93 1 620 0 205 3
1 52 2 81 3 278 2
1 506 2 991 3 256 3
1 476 3 583 0 295 2
1 951 2 272 3 860 0
2 824 2 373 3 312 0
1 440 2 740 1 806 2
1 395 1 730 3 700 1
2 804 2 164 1 583 1
2 934 2 787 1 941 2
2 93 1 620 0 205 3
1 52 2 81 3 278 2
1 506 2 991 3 256 3
1 476 3 583 0 295 2
1 951 2 272 3 860 0
2 824 2 373 3 312 0
1 440 2 740 1 806 2
1 395 1 730 3 700 1
2 804 2 164 1 583 1
2 934 2 787 1 941 2
2 93 1 620 0 205 3
1 52 2 81 3 278 2
1 506 2 991 3 256 3
1 476 3 583 0 295 2
1 951 2 272 3 860 0
2 824 2 373 3 312 0
1 440 2 740 1 806 2
1 395 1 730 3 700 1
2 804 2 164 1 583 1
2 934 2 787 1 941 2
2 93 1 620 0 205 3
1 52 2 81 3 278 2
1 506 2 991 3 256 3
1 476 3 583 0 295 2
1 951 2 272 3 860 0
2 824 2 373 3 312 0
1 440 2 740 1 806 2
1 395 1 730 3 700 1
2 804 2 164 1 583 1
2 934 2 787 1 941 2
2 93 1 620 0 205 3
1 52 2 81 3 278 2
1 506 2 991 3 256 3
1 476 3 583 0 295 2
1 951 2 272 3 860 0
2 824 2 373 3 312 0
1 440 2 740 1 806 2
1 395 1 730 3 700 1
2 804 2 164 1 583 1
2 934 2 787 1 941 2
2 93 1 620 0 205 3
1 52 2 81 3 278 2
1 506 2 991 3 256 3
1 476 3 583 0 295 2
1 951 2 272 3 860 0
2 824 2 373 3 312 0
1 440 2 740 1 806 2
1 395 1 730 3 700 1
2 804 2 164 1 583 1
2 934 2 787 1 941 2
2 93 1 620 0 205 3
1 52 2 81 3 278 2
1 506 2 991 3 256 3
1 476 3 583 0 295 2
1 951 2 272 3 860 0
2 824 2 373 3 312 0
1 440 2 740 1 806 2
1 395 1 730 3 700 1
2 804 2 164 1 583 1
2 934 2 787 1 941 2
2 93 1 620 0 205 3
1 52 2 81 3 278 2
1 506 2 991 3 256 3
1 476 3 583 0 295 2
1 951 2 272 3 860 0
2 824 2 373 3 312 0
1 440 2 740 1 806 2
1 395 1 730 3 700 1
2 804 2 164 1 583 1
2 934 2 787 1 941 2
2 93 1 620 0 205 3
1 52 2 81 3 278 2
1 506 2 991 3 256 3
1 476 3 583 0 295 2
1 951 2 272 3 860 0
2 824 2 373 3 312 0
1 440 2 740 1 806 2
1 395 1 730 3 700 1
2 804 2 164 1 583 1
2 934 2 787 1 941 2
2 93 1 620 0 205 3
1 52 2 81 3 278 2
1 506 2 991 3 256 3
1 476 3 583 0 295 2
1 951 2 272 3 860 0
2 824 2 373 3 312 0
1 440 2 740 1 806 2
1 395 1 730 3 700 1
2 804 2 164 1 583 1
2 934 2 787 1 941 2
2 93 1 620 0 205 3
1 52 2 81 3 278 2
1 506 2 991 3 256 3
1 476 3 583 0 295 2
1 951 2 272 3 860 0
2 824 2 373 3 312 0
1 440 2 740 1 806 2
1 395 1 730 3 700 1
2 804 2 164 1 583 1
2 934 2 787 1 941 2
2 93 1 620 0 205 3
1 52 2 81 3 278 2
1 506 2 991 3 256 3
1 476 3 583 0 295 2
1 951 2 272 3 860 0
2 824 2 373 3 312 0
1 440 2 740 1 806 2
1 395 1 730 3 700 1
2 804 2 164 1 583 1
2 934 2 787 1 941 2
2 93 1 620 0 205 3
1 52 2 81 3 278 2
1 506 2 991 3 256 3
1 476 3 583 0 295 2
1 951 2 272 3 860 0
2 824 2 373 3 312 0
1 440 2 740 1 806 2
1 395 1 730 3 700 1
2 804 2 164 1 583 1
2 934 2 787 1 941 2
2 93 1 620 0 205 3
1 52 2 81 3 278 2
1 506 2 991 3 256 3
1 476 3 583 0 295 2
1 951 2 272 3 860 0
2 824 2 373 3 312 0
1 440 2 740 1 806 2
1 395 1 730 3 700 1
2 804 2 164 1 583 1
2 934 2 787 1 941 2
2 93 1 620 0 205 3
1 52 2 81 3 278 2
1 506 2 991 3 256 3
1 476 3 583 0 295 2
1 951 2 272 3 860 0
2 824 2 373 3 312 0
1 440 2 740 1 806 2
1 395 1 730 3 700 1
2 804 2 164 1 583 1
2 934 2 787 1 941 2
2 93 1 620 0 205 3
1 52 2 81 3 278 2
1 506 2 991 3 256 3
1 476 3 583 0 295 2
1 951 2 272 3 860 0
2 824 2 373 3 312 0
1 440 2 740 1 806 2
1 395 1 730 3 700 1
2 804 2 164 1 583 1
2 934 2 787 1 941 2
2 93 1 620 0 205 3
1 52 2 81 3 278 2
1 506 2 991 3 256 3
1 476 3 583 0 295 2
1 951 2 272 3 860 0
2 824 2 373 3 312 0
1 440 2 740 1 806 2
1 395 1 730 3 700 1
2 804 2 164 1 583 1
2 934 2 787 1 941 2
2 93 1 620 0 205 3
1 52 2 81 3 278 2
1 506 2 991 3 256 3
1 476 3 583 0 295 2
1 951 2 272 3 860 0
2 824 2 373 3 312 0
1 440 2 740 1 806 2
1 395 1 730 3 700 1
2 804 2 164 1 583 1
2 934 2 787 1 941 2
2 93 1 620 0 205 3
1 52 2 81 3 278 2
1 506 2 991 3 256 3
1 476 3 583 0 295 2
1 951 2 272 3 860 0
2 824 2 373 3 312 0
1 440 2 740 1 806 2
1 395 1 730 3 700 1
2 804 2 164 1 583 1
2 934 2 787 1 941 2
2 93 1 620 0 205 3
1 52 2 81 3 278 2
1 506 2 991 3 256 3
1 476 3 583 0 295 2
1 951 2 272 3 860 0
2 824 2 373 3 312 0
1 440 2 740 1 806 2
1 395 1 730 3 700 1
2 804 2 164 1 583 1
2 934 2 787 1 941 2
2 93 1 620 0 205 3
1 52 2 81 3 278 2
1 506 2 991 3 256 3
1 476 3 583 0 295 2
1 951 2 272 3 860 0
2 824 2 373 3 312 0
1 440 2 740 1 806 2
1 395 1 730 3 700 1
2 804 2 164 1 583 1
2 934 2 787 1 941 2
2 93 1 620 0 205 3
1 52 2 81 3 278 2
1 506 2 991 3 256 3
1 476 3 583 0 295 2
1 951 2 272 3 860 0
2 824 2 373 3 312 0
1 440 2 740 1 806 2
1 395 1 730 3 700 1
2 804 2 164 1 583 1
2 934 2 787 1 941 2
2 93 1 620 0 205 3
1 52 2 81 3 278 2
1 506 2 991 3 256 3
1 476 3 583 0 295 2
1 951 2 272 3 860 0
2 824 2 373 3 312 0
1 440 2 740 1 806 2
1 395 1 730 3 700 1
2 804 2 164 1 583 1
2 934 2 787 1 941 2
2 93 1 620 0 205 3
1 52 2 81 3 278 2
1 506 2 991 3 256 3
1 476 3 583 0 295 2
1 951 2 272 3 860 0
2 824 2 373 3 312 0
1 440 2 740 1 806 2
1 395 1 730 3 700 1
2 804 2 164 1 583 1
2 934 2 787 1 941 2
2 93 1 620 0 205 3
1 52 2 81 3 278 2
1 506 2 991 3 256 3
1 476 3 583 0 295 2
1 951 2 272 3 860 0
2 824 2 373 3 312 0
1 440 2 740 1 806 2
1 395 1 730 3 700 1
2 804 2 164 1 583 1
2 934 2 787 1 941 2
2 93 1 620 0 205 3
1 52 2 81 3 278 2
1 506 2 991 3 256 3
1 476 3 583 0 295 2
1 951 2 272 3 860 0
2 824 2 373 3 312 0
1 440 2 740 1 806 2
1 395 1 730 3 700 1
2 804 2 164 1 583 1
2 934 2 787 1 941 2
2 93 1 620 0 205 3
1 52 2 81 3 278 2
1 506 2 991 3 256 3
1 476 3 583 0 295 2
1 951 2 272 3 860 0
2 824 2 373 3 312 0
1 440 2 740 1 806 2
1 395 1 730 3 700 1
2 804 2 164 1 583 1
2 934 2 787 1 941 2
2 93 1 620 0 205 3
1 52 2 81 3 278 2
1 506 2 991 3 256 3
1 476 3 583 0 295 2
1 951 2 272 3 860 0
2 824 2 373 3 312 0
1 440 2 740 1 806 2
1 395 1 730 3 700 1
2 804 2 164 1 583 1
2 934 2 787 1 941 2
2 93 1 620 0 205 3
1 52 2 81 3 278 2
1 506 2 991 3 256 3
1 476 3 583 0 295 2
1 951 2 272 3 860 0
2 824 2 373 3 312 0
1 440 2 740 1 806 2
1 395 1 730 3 700 1
2 804 2 164 1 583 1
2 934 2 787 1 941 2
2 93 1 620 0 205 3
1 52 2 81 3 278 2
1 506 2 991 3 256 3
1 476 3 583 0 295 2
1 951 2 272 3 860 0
2 824 2 373 3 312 0
1 440 2 740 1 806 2
1 395 1 730 3 700 1
2 804 2 164 1 583 1
2 934 2 787 1 941 2
2 93 1 620 0 205 3
1 52 2 81 3 278 2
1 506 2 991 3 256 3
1 476 3 583 0 295 2
1 951 2 272 3 860 0
2 824 2 373 3 312 0
1 440 2 740 1 806 2
1 395 1 730 3 700 1
2 804 2 164 1 583 1
2 934 2 787 1 941 2
2 93 1 620 0 205 3
1 52 2 81 3 278 2
1 506 2 991 3 256 3
1 476 3 583 0 295 2
1 951 2 272 3 860 0
2 824 2 373 3 312 0
1 440 2 740 1 806 2
1 395 1 730 3 700 1
2 804 2 164 1 583 1
2 934 2 787 1 941 2
2 93 1 620 0 205 3
1 52 2 81 3 278 2
1 506 2 991 3 256 3
1 476 3 583 0 295 2
1 951 2 272 3 860 0
2 824 2 373 3 312 0
1 440 2 740 1 806 2
1 395 1 730 3 700 1
2 804 2 164 1 583 1
2 934 2 787 1 941 2
2 93 1 620 0 205 3
1 52 2 81 3 278 2
1 506 2 991 3 256 3
1 476 3 583 0 295 2
1 951 2 272 3 860 0
2 824 2 373 3 312 0
1 440 2 740 1 806 2
1 395 1 730 3 700 1
2 804 2 164 1 583 1
2 934 2 787 1 941 2
2 93 1 620 0 205 3
1 52 2 81 3 278 2
1 506 2 991 3 256 3
1 476 3 583 0 295 2
1 951 2 272 3 860 0
2 824 2 373 3 312 0
2 401 0 753 3 339 1
1 577 1 948 3 210 1
2 976 2 561 3 243 0
1 223 1 83 2 275 2
1 930 2 60 0 959 2
1 722 0 503 2 775 0
1 824 2 403 0 841 3
1 856 0 43 0 206 3
2 593 3 176 1 646 3
2 816 1 637 1 655 1
2 379 1 546 3 225 1
2 824 2 400 2 535 1
2 904 2 295 3 655 2
1 24 2 824 0 182 3
1 736 3 224 3 1 2
1 98 1 927 3 756 1
1 883 1 927 1 912 0
1 39 0 972 0 857 2
2 461 2 368 1 785 3
1 786 3 838 3 580 3
1 793 0 319 1 999 1
2 959 0 611 1 507 0
1 533 0 737 1 477 0
1 43 1 600 3 742 1
2 767 2 751 2 345 2
1 414 1 351 1 693 0
2 397 0 967 2 174 3
2 986 3 466 2 440 3
1 678 3 294 0 220 2
2 409 2 26 0 343 2
1 450 2 34 2 442 3
1 771 1 814 2 299 2
2 656 0 361 2 980 1
2 485 3 510 0 397 3
2 98 0 83 3 620 0
2 559 1 795 0 340 2
2 371 0 832 0 545 0
2 759 3 140 2 474 1
1 822 1 453 3 145 1
1 473 3 840 1 642 2
1 405 2 863 2 255 1
1 469 1 689 2 797 0
1 683 1 700 1 333 3
1 430 0 328 2 431 0
2 325 0 791 0 965 3
2 867 0 986 3 413 0
1 281 3 870 3 687 2
2 125 0 487 1 584 1
2 595 1 813 0 14 0
2 788 3 943 0 768 0
2 212 2 921 3 163 2
2 741 0 162 0 292 3
1 106 2 626 2 347 0
1 325 3 501 3 885 1
2 202 0 328 0 351 2
1 39 1 620 2 606 1
1 112 3 520 3 538 1
2 738 3 939 3 143 3
1 594 2 203 2 870 0
1 488 2 829 3 153 2
1 666 2 624 3 504 2
1 226 1 389 3 987 1
1 196 0 765 1 610 3
2 239 2 332 0 494 3
2 153 2 434 3 523 2
1 903 3 269 2 615 0
2 531 2 370 3 976 2
2 519 1 541 0 963 0
2 799 1 676 0 849 2
1 873 3 358 2 769 3
2 790 3 714 2 612 2
1 424 1 421 1 200 2
2 587 1 365 1 554 3
1 417 1 734 3 668 3
1 166 2 84 2 663 2
2 525 0 239 0 292 1
1 380 1 666 1 627 1
2 37 2 85 1 869 2
1 482 3 947 3 466 3
1 384 3 236 1 996 0
2 564 3 101 2 473 2
2 249 1 714 0 637 1
1 161 2 547 0 507 0
1 758 2 649 3 464 1
1 442 3 289 3 986 2
2 416 1 971 1 935 0
1 783 3 891 0 665 3
1 663 0 75 1 332 1
2 811 0 214 2 442 3
1 59 1 613 1 106 3
1 198 2 906 3 876 1
2 153 1 400 1 373 0
1 173 2 36 3 128 3
2 524 0 319 3 874 2
1 121 0 436 3 791 2
2 381 3 929 0 771 1
2 787 3 339 2 694 3
2 563 1 254 2 196 3
2 908 2 993 1 136 0
2 84 1 537 2 50 3
1 67 3 99 0 527 0
1 459 3 510 1 669 0
1 28 1 977 0 935 3
1 928 2 977 1 946 2
1 247 2 847 2 935 0
1 475 3 621 2 629 1
2 761 1 412 3 701 0
1 893 1 917 0 860 2
1 718 0 735 0 615 1
1 695 1 504 2 278 2
1 221 2 737 1 553 0
1 693 3 208 0 478 0
2 27 2 589 2 355 3
2 807 3 935 2 401 3
1 969 2 988 2 791 2
2 743 0 909 3 753 0
2 825 1 108 2 178 3
1 240 3 773 2 434 2
2 881 0 736 0 999 2
1 790 0 594 2 615 2
2 324 0 628 3 667 0
2 785 2 967 2 185 2
2 721 2 228 3 394 2
1 114 0 585 0 675 1
2 618 3 285 2 784 3
1 4 2 13 3 384 3
2 266 0 800 1 522 1
1 897 3 597 0 858 1
1 673 3 242 3 180 2
2 36 2 710 2 630 0
2 540 3 217 3 513 3
1 210 3 578 3 771 1
1 760 1 232 0 5 3
1 792 3 186 2 17 1
2 968 3 81 2 32 2
2 867 1 996 1 305 0
2 728 0 930 2 861 0
2 3 0 495 3 264 3
1 758 2 915 1 341 3
1 551 2 104 2 761 1
1 659 0 652 1 78 2
2 146 0 806 1 584 1
2 985 2 802 2 444 1
2 446 1 695 2 249 1
1 643 3 942 3 250 1
2 686 3 684 0 296 0
2 602 0 6 3 422 3
2 6 2 247 2 575 3
1 597 2 271 0 988 3
1 218 2 166 1 38 0
2 201 0 564 1 368 3
2 994 3 659 3 91 2
2 69 3 913 2 409 0
1 49 1 447 3 306 1
2 124 2 959 2 130 0
1 306 0 961 0 526 2
2 788 0 410 1 815 3
1 708 2 261 3 341 2
1 841 2 647 3 532 3
2 699 3 105 3 322 1
2 161 2 913 1 366 1
1 209 2 322 1 323 0
1 814 0 176 2 972 1
1 255 2 203 1 501 3
1 594 3 773 0 531 3
1 557 0 382 1 523 3
2 886 2 26 3 42 3
1 145 0 212 0 287 2
1 832 3 924 1 160 2
1 996 3 757 1 379 0
2 772 0 883 3 855 1
1 716 2 219 3 226 0
2 254 1 508 3 591 3
2 807 3 384 2 484 0
2 202 2 90 1 252 0
2 72 0 211 1 122 1
1 531 0 773 2 683 1
1 646 1 98 0 876 1
2 367 1 740 1 954 3
1 272 3 389 3 994 0
2 6 0 98 3 907 0
1 71 1 353 1 347 3
2 912 0 310 3 812 2
1 336 0 893 1 642 2
1 231 0 179 0 876 1
1 306 2 295 1 73 3
1 259 2 826 1 494 0
1 991 2 137 3 111 0
1 191 1 398 2 196 3
2 436 2 686 3 642 0
2 196 0 686 2 722 3
1 576 0 731 1 477 2
2 970 0 202 1 607 1
1 189 2 231 1 442 0
2 457 2 16 2 303 2
2 458 1 289 3 61 2
1 920 2 112 0 997 3
2 495 3 204 1 554 1
2 845 0 893 1 520 2
2 573 3 0 0 685 1
2 409 1 512 3 680 0
1 0 2 108 3 427 3
1 326 1 305 3 103 3
1 146 0 851 0 758 3
2 573 1 506 0 885 1
1 79 1 220 0 417 1
2 750 0 243 1 272 0
2 982 2 183 2 810 1
2 214 0 223 2 348 2
2 538 0 517 1 711 1
2 928 3 535 3 3 3
2 536 3 412 3 836 0
1 935 2 343 1 810 1
1 813 2 201 3 314 0
2 956 1 536 3 550 3
1 206 0 167 1 996 2
1 383 1 578 1 256 3
1 517 0 259 1 591 2
2 457 1 673 3 958 1
2 216 3 968 1 970 3
2 560 2 931 1 310 2
2 13 3 68 1 765 2
2 197 2 482 2 609 3
1 643 2 262 1 824 2
2 681 2 521 1 829 2
1 679 0 790 1 337 3
2 333 1 975 0 12 3
2 904 2 648 3 547 3
2 610 2 860 1 41 2
2 344 3 264 1 199 2
1 403 3 41 2 18 0
2 5 2 60 2 301 0
2 782 0 503 3 985 2
1 855 0 597 3 682 1
1 56 1 364 2 283 1
1 268 2 113 0 297 3
2 505 0 142 0 128 2
2 301 3 842 3 875 3
1 317 1 261 1 25 1
2 104 3 817 3 511 0
1 991 1 772 0 274 2
2 547 1 122 2 434 2
1 600 0 101 2 49 2
2 367 0 101 1 494 1
1 786 3 750 3 42 3
1 530 1 617 1 648 3
1 315 2 676 0 419 3
2 202 0 531 1 413 3
2 696 2 552 3 542 3
2 46 3 644 1 454 0
2 477 2 326 0 580 1
1 162 3 343 0 460 0
1 372 2 190 2 294 1
1 347 2 545 3 705 0
2 256 3 786 2 549 2
1 792 2 724 1 442 2
2 167 1 558 2 832 2
2 965 2 980 0 53 0
2 612 0 151 2 495 0
1 771 2 738 0 520 0
2 6 0 118 0 776 3
2 51 2 114 0 139 2
1 879 2 375 0 167 3
1 815 1 115 3 310 2
2 639 1 281 2 82 3
2 225 2 617 1 868 2
1 716 2 15 0 433 0
1 90 3 699 0 158 3
2 483 2 3 0 246 3
1 365 1 478 3 837 2
2 579 0 279 0 813 2
1 118 1 276 2 744 0
2 722 1 859 3 87 0
1 226 0 617 0 176 1
2 264 3 112 1 340 2
1 648 2 443 0 940 2
1 64 0 930 3 900 2
2 807 2 375 0 549 0
1 52 1 364 3 959 3
2 283 0 864 2 428 2
1 406 0 253 1 293 1
1 252 3 671 0 60 3
2 803 2 585 3 373 3
1 343 0 365 2 96 3
1 259 3 700 2 722 0
1 657 2 109 3 392 3
2 230 1 267 2 246 2
2 484 0 149 0 650 0
1 790 0 260 2 535 3
1 43 2 899 3 260 3
2 785 2 342 2 625 0
1 672 3 523 2 220 0
2 757 1 682 0 344 2
2 572 3 248 0 825 3
1 692 2 53 2 955 0
2 999 2 892 1 652 1
1 932 3 254 2 813 3
1 157 0 546 0 923 2
1 344 0 186 3 712 0
1 694 0 111 1 581 3
1 266 1 95 3 549 0
2 174 1 512 3 925 2
1 750 1 16 3 32 3
1 36 0 52 1 251 1
1 9 3 377 1 786 0
1 500 0 918 1 180 3
1 302 1 488 1 675 2
2 859 0 595 1 229 3
1 466 1 575 0 521 3
2 536 2 568 3 521 0
1 363 2 772 2 597 0
1 622 2 629 2 846 2
1 894 1 537 1 950 2
2 443 1 304 1 518 1
1 150 1 895 1 447 2
2 960 3 325 3 523 2
1 350 0 282 3 802 0
1 65 3 419 0 926 0
1 973 1 551 3 152 3
2 72 0 364 0 153 0
2 858 3 222 1 154 0
1 157 3 260 2 927 1
1 768 1 650 3 713 3
2 957 0 424 1 400 0
2 113 3 801 1 22 0
2 554 3 983 3 683 3
1 669 0 445 1 77 1
1 53 3 926 2 875 1
1 816 0 88 0 711 2
1 571 0 226 2 285 3
1 11 0 731 2 694 0
2 990 2 485 0 285 1
1 39 3 862 0 81 0
1 445 0 710 2 657 3
1 963 2 634 2 324 3
1 791 2 817 2 776 0
2 827 1 309 3 368 0
1 703 1 978 0 780 3
2 246 1 69 2 168 3
2 299 1 627 0 800 2
2 816 2 955 1 393 1
1 201 0 914 2 994 3
1 978 2 27 2 749 1
1 888 0 639 1 886 0
2 309 2 634 2 152 0
2 366 2 842 3 854 1
2 151 3 961 1 861 2
2 789 0 97 1 88 0
2 688 3 299 2 478 1
1 478 0 989 2 406 1
1 783 2 603 3 742 3
1 641 1 405 0 970 2
2 683 1 183 3 337 1
1 392 3 829 2 636 2
1 730 3 798 1 108 3
2 75 0 914 0 847 0
2 485 3 378 2 407 0
2 62 2 337 3 718 3
1 209 1 630 0 820 1
1 790 1 318 2 787 3
2 89 3 669 1 805 3
2 749 2 288 0 369 3
1 808 3 541 2 283 3
1 939 1 183 1 364 1
1 761 1 456 2 236 2
2 838 3 291 0 348 0
1 154 0 835 3 393 3
2 898 0 298 3 902 0
2 941 2 884 1 815 2
2 313 0 120 0 155 3
2 585 2 921 2 497 3
1 659 0 578 3 557 1
1 194 1 742 3 362 2
1 538 0 641 0 82 3
2 648 0 756 1 763 2
2 769 0 216 2 532 2
2 199 3 331 2 116 3
1 25 1 496 1 573 1
2 117 2 417 1 685 2
2 666 3 903 3 667 3
1 507 3 449 1 541 0
1 757 3 203 3 344 3
2 469 2 681 2 491 2
2 121 3 592 3 56 1
1 903 1 681 2 787 2
1 836 3 794 3 186 1
2 936 3 77 1 482 3
2 203 3 855 2 467 0
2 926 1 340 0 687 2
1 906 0 580 3 639 1
2 150 0 245 2 750 2
1 67 3 2 1 620 1
2 287 3 748 1 958 0
1 222 1 402 3 631 1
1 413 1 632 0 149 3
1 524 3 985 0 15 0
2 811 0 928 0 192 0
1 885 1 746 0 317 2
1 770 1 747 3 772 1
1 124 2 647 0 32 1
1 746 1 703 2 67 1
2 621 2 919 2 553 3
1 922 0 742 0 393 0
1 807 0 449 2 767 0
2 785 1 539 0 594 1
2 266 2 313 2 451 3
1 326 0 470 2 729 3
2 118 0 178 3 224 0
2 252 0 721 0 632 0
1 134 2 654 1 970 1
2 670 3 876 0 397 1
1 475 1 26 3 238 1
2 637 0 36 3 739 1
2 440 2 280 3 719 2
2 538 3 524 2 162 1
1 20 3 985 1 914 2
2 30 0 448 0 371 2
2 654 0 769 3 949 0
1 548 0 206 1 422 1
1 960 1 221 0 875 0
1 746 0 549 3 708 0
2 609 3 861 3 934 1
2 220 1 974 2 642 3
2 317 2 208 2 380 2
2 466 3 95 0 598 1
1 3 1 484 0 633 0
2 386 3 145 2 321 2
1 648 0 939 3 37 0
2 709 0 386 1 937 0
2 444 2 464 2 315 0
1 14 3 210 3 520 1
1 86 2 201 0 179 0
1 419 2 398 0 1 0
1 228 0 661 0 658 1
2 795 2 525 3 824 1
2 858 3 577 2 739 0
2 414 2 300 3 44 0
2 853 3 114 2 587 1
1 643 1 278 2 546 0
1 326 0 244 2 157 0
1 651 2 205 0 831 1
2 213 2 58 3 668 3
1 637 1 316 2 879 0
1 897 1 176 2 760 3
2 516 1 583 2 621 3
2 370 2 384 1 851 1
2 688 1 370 1 552 1
2 847 2 369 1 251 1
1 756 0 537 1 104 0
1 802 3 810 2 240 0
2 738 1 36 2 171 0
2 372 3 445 1 414 2
1 671 2 983 0 4 0
2 416 2 543 2 457 2
2 324 0 14 3 576 1
2 692 3 204 1 95 1
1 559 0 397 1 162 3
1 377 2 937 2 419 2
2 951 2 86 3 283 2
2 604 0 437 3 293 2
1 817 3 313 0 300 1
1 881 3 975 0 664 3
2 272 2 338 0 990 2
2 750 3 261 1 469 3
1 505 1 338 2 443 0
2 214 3 39 3 903 1
2 47 2 819 2 999 1
1 529 1 852 2 549 2
1 948 3 146 3 774 1
2 875 0 122 0 927 2
2 456 0 703 1 198 0
1 278 0 328 2 934 0
2 838 3 697 2 937 2
1 347 2 27 0 402 2
1 287 0 339 0 755 0
1 978 0 167 0 867 1
2 786 0 626 3 617 1
1 870 1 739 1 410 3
1 464 0 137 0 895 3
2 630 3 275 0 759 3
2 805 2 167 3 838 2
2 810 0 29 0 388 2
1 812 3 745 3 637 0
2 365 0 307 1 453 3
1 423 1 797 0 336 3
2 978 0 397 0 234 0
1 208 1 554 0 893 3
1 240 3 159 1 576 0
2 514 0 382 1 723 0
1 171 0 50 0 322 1
1 850 3 331 1 921 0
2 751 0 716 0 331 2
2 481 1 160 3 666 1
1 781 0 471 0 332 1
1 453 2 266 2 829 1
1 754 0 157 0 76 1
1 408 2 684 1 694 2
1 549 0 672 1 696 0
1 909 1 607 2 534 3
2 971 2 788 3 634 3
2 739 0 819 1 431 3
1 373 3 96 0 306 1
1 636 1 713 2 462 3
1 278 1 232 3 46 1
2 720 2 159 1 618 3
2 362 2 772 3 661 3
1 721 1 231 0 847 0
1 768 2 31 3 222 3
1 80 0 295 2 859 0
2 877 3 282 3 427 1
2 217 1 745 1 781 1
2 443 3 692 1 176 2
1 235 1 437 1 704 3
1 77 3 939 3 675 2
1 507 2 737 1 252 1
2 549 0 379 0 993 2
2 900 3 819 2 614 2
1 985 3 749 3 21 2
1 601 1 648 3 104 2
2 600 0 936 3 114 1
1 851 3 114 1 808 2
2 170 0 287 1 250 2
1 346 1 675 0 826 3
2 394 1 512 0 823 2
1 229 3 186 2 600 0
2 758 0 774 0 547 3
1 522 1 949 2 463 3
1 473 0 812 1 734 1
2 644 1 950 1 685 2
1 117 1 184 2 991 2
1 951 1 705 0 191 2
1 967 2 856 2 189 3
1 765 2 220 3 796 2
2 685 3 468 3 167 2
2 1 3 258 2 642 1
1 46 0 233 0 588 3
1 367 3 570 0 594 3
1 466 1 151 3 499 2
2 313 3 429 0 689 2
2 29 1 438 2 792 0
2 70 0 547 1 540 0
1 320 3 451 0 403 1
1 23 2 372 0 672 2
2 187 3 668 0 594 2
2 314 0 765 0 764 1
2 649 2 110 3 628 2
1 42 0 66 2 453 1
2 155 2 941 0 929 1
1 465 3 398 2 907 2
1 523 0 64 3 487 1
1 680 3 284 3 29 3
1 781 1 201 0 276 2
1 876 3 989 1 270 1
2 56 3 261 3 32 1
1 39 1 916 0 794 0
2 406 3 472 2 594 1
1 194 2 902 2 132 0
2 980 1 115 1 113 3
2 810 3 673 1 356 1
2 934 1 892 2 951 3
2 85 1 266 0 458 2
2 950 3 847 3 47 1
1 109 3 207 2 203 1
2 25 1 833 1 197 2
1 877 3 806 2 93 0
1 442 1 237 1 338 1
1 179 2 663 2 770 1
2 719 3 399 2 283 0
2 6 3 104 3 142 1
1 493 2 619 3 658 3
2 400 2 567 1 451 3
1 855 1 242 3 849 2
2 526 3 475 1 738 2
2 452 1 858 1 188 3
2 446 0 569 3 32 2
1 53 1 895 0 879 1
1 711 1 782 1 910 3
2 399 0 608 0 357 0
1 751 1 31 0 827 0
1 960 1 507 2 5 0
1 835 2 743 1 768 1
2 619 3 220 3 579 3
1 607 3 770 2 916 0
2 451 1 425 2 170 2
2 580 2 509 3 723 2
1 901 2 495 1 179 2
2 946 3 693 2 466 3
2 312 3 3 1 776 2
2 686 3 379 0 796 2
2 941 0 157 3 818 3
2 770 2 302 0 553 3
2 538 1 4 2 613 1
1 867 0 399 2 31 2
2 929 0 12 2 815 1
1 557 0 397 0 54 3
1 460 0 147 0 596 2
2 725 1 920 0 532 3
2 525 1 631 1 595 3
2 140 3 729 3 237 1
1 594 1 520 2 285 3
1 103 0 778 3 417 0
2 756 1 249 2 104 1
2 363 0 923 3 306 0
1 102 3 320 0 158 0
2 96 0 915 3 604 0
2 105 2 987 0 599 3
1 127 2 977 2 680 3
1 598 1 741 1 169 2
2 607 0 611 1 305 1
2 127 0 383 1 453 3
1 857 1 386 2 829 2
2 853 2 791 3 22 3
2 382 2 571 0 219 0
2 186 0 53 2 236 2
2 888 3 658 2 911 0
2 777 3 368 3 479 0
2 940 3 390 0 498 3
1 401 0 153 1 53 0
1 98 3 14 2 11 0
1 561 3 53 1 212 3
2 647 0 465 2 433 2
1 483 1 63 1 849 1
2 847 3 592 2 384 2
1 485 2 118 0 384 0
2 713 3 174 0 280 3
2 220 3 109 3 217 0
1 12 2 455 2 898 2
2 145 3 249 1 835 2
2 424 1 145 0 494 3
2 250 0 190 0 394 2
2 556 2 520 1 903 0
2 79 1 690 2 897 3
1 172 3 229 1 455 0
2 713 2 84 0 379 0
2 124 3 513 2 198 1
1 380 2 922 2 638 1
1 17 3 79 0 188 1
1 280 0 360 0 336 2
2 854 2 953 3 897 0
1 27 0 547 0 415 0
2 388 2 157 0 809 0
2 812 3 322 2 749 0
1 39 2 90 0 99 0
1 527 2 341 0 126 1
2 114 2 641 1 893 3
1 417 1 468 0 844 3
2 747 1 63 1 916 1
1 248 0 699 0 177 2
1 519 2 730 1 233 1
1 93 1 650 0 848 1
2 434 2 24 3 355 2
1 621 0 777 2 137 3
1 400 3 560 1 210 1
1 41 3 273 0 950 3
2 159 0 210 0 423 3
1 592 1 56 0 697 1
2 31 0 64 2 331 3
1 370 1 99 2 148 3
2 682 0 206 0 356 2
2 623 3 863 3 858 1
2 329 0 880 3 705 3
2 53 2 582 3 781 0
1 210 1 815 2 521 0
1 853 1 402 0 503 3
2 455 2 508 3 83 2
1 182 3 54 0 472 3
1 191 1 524 2 667 0
1 653 3 33 3 658 0
1 365 2 886 3 860 1
1 218 3 171 3 891 2
1 15 3 820 1 153 2
2 949 1 783 1 96 1
1 520 0 850 1 114 1
2 918 2 762 1 398 1
1 760 2 93 1 302 3
1 465 1 553 3 772 1
2 34 2 934 3 599 2
2 560 0 258 2 66 3
2 958 3 168 2 613 1
1 556 0 605 3 981 1
1 494 3 773 2 148 0
2 106 3 883 1 921 2
1 509 3 526 3 568 1
1 728 2 723 1 160 0
1 761 3 988 1 316 1
2 372 1 66 3 812 2
2 912 2 241 3 608 1
2 795 2 421 2 921 3
1 181 3 739 2 648 2
1 928 2 801 3 864 1
2 59 2 709 0 80 1
1 813 0 908 1 428 3
1 293 0 631 3 90 1
1 899 2 743 1 911 3
2 118 3 872 2 368 1
2 33 1 619 1 403 1
1 375 0 69 3 77 3
2 821 3 686 3 663 1
2 626 1 11 0 999 1
1 595 0 781 3 23 3
2 636 0 53 1 98 1
1 156 1 354 3 88 0
1 795 2 503 1 964 3
1 754 3 873 0 358 1
2 348 1 15 2 957 3
2 684 1 509 2 491 2
1 700 0 446 2 851 1
1 249 1 263 1 408 1
2 612 0 758 1 632 2
1 540 0 912 1 993 1
1 353 0 989 2 589 2
1 306 2 110 0 520 1
2 554 1 74 1 65 1
1 467 0 105 1 146 3
2 71 0 580 1 233 0
1 948 0 839 0 451 3
2 662 0 336 0 134 3
1 25 2 764 3 635 1
1 139 2 188 3 831 1
2 112 3 520 2 895 1
1 535 2 517 3 698 0
2 496 2 423 3 595 0
1 746 3 688 2 285 0
1 318 0 658 1 965 0
1 279 0 747 0 357 1
2 930 2 54 0 529 1
2 479 2 543 3 132 3
1 829 2 747 1 141 3
1 750 2 768 2 470 0
2 456 2 887 0 802 3
1 508 2 844 1 301 0
1 435 1 710 2 81 1
2 755 3 320 2 96 1
1 224 3 801 0 724 2
2 707 3 14 1 842 3
1 803 0 445 3 151 0
1 197 0 810 3 482 3
1 978 0 480 1 534 0
1 266 0 27 0 412 3
1 892 3 586 1 982 0
2 810 3 414 2 476 0
1 203 3 852 2 268 3
2 423 1 0 1 23 2
1 391 3 137 0 768 3
2 743 2 590 1 242 0
2 689 0 838 1 442 0
2 998 2 373 0 345 2
2 907 3 616 2 468 0
1 282 1 217 3 636 1
2 667 3 173 0 845 3
2 37 2 166 1 860 2
1 786 1 839 3 574 1
1 970 3 488 2 61 2
2 851 3 630 3 490 1
1 715 3 102 1 140 2
2 785 0 677 3 648 2
1 802 0 858 0 825 1
2 527 3 647 3 903 2
1 50 1 771 3 529 3
2 547 1 36 3 723 0
2 7 1 300 2 638 1
1 830 3 131 1 627 2
2 27 1 741 3 317 2
2 445 3 398 3 738 0
1 976 0 97 0 760 2
2 291 2 703 2 351 3
2 329 2 488 2 749 3
1 505 1 565 3 711 0
2 634 1 292 1 741 0
1 516 0 369 1 383 2
2 81 0 396 2 980 2
2 677 1 472 2 373 3
1 839 0 545 0 663 1
1 572 2 798 0 236 2
2 324 3 364 2 37 3
1 177 2 348 0 831 2
2 501 3 471 0 495 0
1 838 3 123 3 886 1
2 869 0 12 1 115 1
1 375 3 198 1 123 3
2 601 0 132 2 276 0
2 23 1 254 1 128 3
2 315 3 816 2 644 1
2 612 2 815 0 153 2
2 869 1 436 0 741 3
1 938 1 274 0 955 2
1 393 3 881 1 877 0
2 570 2 94 3 523 0
1 787 2 176 3 409 1
1 32 0 883 3 856 1
1 999 2 110 1 461 3
1 442 1 334 2 571 3
1 165 0 357 1 366 1
2 368 2 285 3 240 0
2 623 1 174 1 890 2
1 947 3 989 1 976 0
1 286 2 634 0 393 2
2 744 1 394 0 114 3
2 454 1 280 3 129 3
1 443 0 116 3 333 0
1 831 3 598 1 419 1
1 171 0 471 1 706 3
2 799 0 378 0 895 1
2 150 2 126 2 723 3
2 626 2 685 0 596 0
2 89 1 166 2 308 3
1 76 1 684 2 873 3
2 114 2 953 0 353 3
1 748 0 659 2 542 2
1 594 2 252 1 789 1
2 5 2 804 2 681 0
2 115 2 392 2 239 1
2 850 0 985 0 311 1
2 394 1 393 1 734 1
1 988 0 552 2 907 0
1 350 3 619 3 525 3
2 819 2 274 3 721 0
2 164 0 568 3 256 3
2 739 0 11 2 212 3
2 275 2 885 2 402 1
2 136 3 917 0 603 3
2 672 0 19 1 127 2
2 406 2 702 3 652 3
2 225 2 355 0 727 0
2 802 0 936 0 581 0
2 833 1 883 1 35 1
1 919 3 381 1 432 0
2 125 2 679 1 181 3
1 978 0 297 1 448 2
1 952 3 158 3 974 0
1 94 1 681 2 653 1
2 480 3 584 1 487 3
1 554 0 997 3 583 0
2 899 1 52 1 456 1
1 297 0 231 1 6 1
2 995 3 14 2 317 1
1 9 2 428 2 705 2
2 690 3 879 2 127 2
1 950 1 730 0 338 0
1 120 1 166 1 311 1
2 908 2 198 0 292 2
1 561 3 804 0 175 3
2 220 0 668 3 621 2
2 811 0 127 1 777 3
2 460 2 705 0 152 2
1 213 2 325 3 186 3
1 986 1 168 1 362 0
1 514 1 146 3 372 0
2 179 0 186 2 568 1
2 814 2 5 1 435 2
2 299 2 456 2 811 1
2 915 2 1 1 102 2
2 997 3 207 1 388 0
1 444 3 847 3 74 0
2 158 0 809 2 541 1
2 375 1 910 1 18 3
2 296 0 704 1 19 2
2 279 1 666 2 210 1
2 970 0 986 0 367 0
1 238 3 518 0 164 2
1 530 0 82 2 70 0
1 769 2 573 2 608 3
2 181 0 295 2 925 1
1 509 1 880 3 520 0
1 913 2 48 0 805 0
2 193 2 793 3 612 1
1 625 3 227 3 43 0
1 206 1 853 1 718 0
2 937 0 673 1 920 3
2 161 2 481 2 895 2
1 163 0 947 2 626 0
1 203 1 631 2 756 0
2 415 0 92 0 455 1
1 50 1 486 1 97 1
2 760 3 797 2 683 2
1 842 2 335 3 255 0
1 789 0 576 3 442 2
1 23 1 844 3 933 2
1 606 0 588 0 180 1
1 662 3 580 0 519 1
1 766 0 920 1 38 0
2 186 0 500 3 899 2
1 257 3 972 3 599 0
1 518 3 481 3 263 2
2 766 2 159 2 449 2
2 525 1 598 1 367 3
2 862 2 74 2 167 1
1 246 3 719 3 297 1
2 998 3 950 1 593 0
1 325 2 97 3 80 0
1 59 0 470 1 793 3
2 920 1 579 0 577 1
1 241 0 405 1 75 3
1 243 0 145 1 413 1
2 11 3 393 0 148 2
1 738 3 35 3 49 1
1 554 3 748 0 652 1
1 22 2 544 0 4 1
1 730 2 61 2 303 1
1 222 3 78 1 972 2
1 234 2 811 1 572 2
1 856 2 403 2 935 2
1 858 3 754 1 528 1
1 787 3 405 0 940 1
1 188 1 583 2 173 0
2 170 3 357 0 781 2
1 452 3 228 3 975 3
1 114 2 362 3 593 1
1 880 1 536 3 217 3
2 345 0 923 2 925 2
1 530 0 582 1 888 3
1 846 1 862 3 653 0
2 454 0 550 0 65 0
2 699 2 96 2 175 1
1 297 0 602 1 954 2
1 187 2 230 2 878 0
2 954 0 618 3 262 0
1 123 3 998 0 277 1
2 871 0 31 2 709 2
1 79 3 671 2 31 2
1 328 2 680 1 960 2
1 991 1 551 1 453 1
2 447 2 397 2 553 1
1 346 1 284 0 990 2
1 526 1 805 1 645 3
1 156 2 294 0 46 1
1 407 1 323 1 883 0
2 623 0 260 0 213 0
1 852 3 279 3 584 2
2 507 2 581 0 6 3
2 949 2 305 0 198 0
2 764 2 850 1 378 1
2 385 0 160 0 303 0
1 428 0 565 1 412 2
1 105 2 36 0 246 2
2 649 2 74 2 410 0
1 669 1 238 2 245 1
2 938 1 83 3 623 0
2 349 0 495 3 273 1
2 176 2 929 1 31 3
1 457 2 7 3 461 1
1 559 1 993 1 520 3
2 177 3 958 2 608 1
2 42 1 349 2 780 1
1 667 2 6 1 567 2
2 866 3 522 1 735 1
1 135 2 463 0 36 3
2 880 0 379 3 417 3
2 185 3 46 2 939 3
1 25 3 613 3 240 1
1 412 0 493 3 205 3
2 287 3 740 3 9 2
1 980 1 417 3 30 1
1 552 2 861 3 182 3
1 304 2 458 1 458 1
2 82 1 353 0 600 3
2 77 2 531 2 342 2
1 220 2 370 0 373 2
1 390 3 478 2 148 0
1 653 0 541 3 794 0
1 159 1 557 3 243 1
2 222 2 73 0 487 1
2 189 0 940 1 243 3
1 566 0 285 2 640 3
2 307 2 651 3 316 0
1 685 0 505 2 324 0
2 60 3 944 3 93 2
1 80 1 24 0 995 3
2 610 3 7 2 175 2
1 632 3 111 2 129 1
2 274 2 852 1 636 3
2 772 2 549 2 615 3
2 143 3 752 1 512 3
1 614 2 280 0 732 2
2 668 1 156 0 618 2
1 319 1 259 0 264 1
1 743 3 928 2 166 0
2 984 2 96 0 851 0
2 598 2 838 2 654 3
2 179 3 22 1 910 3
2 95 1 743 1 310 2
1 942 2 958 0 270 0
1 41 3 748 1 242 3
2 103 1 932 1 22 1
1 978 1 973 2 830 3
1 78 2 713 3 177 0
1 429 3 254 3 776 2
1 730 2 696 3 281 3
1 439 2 104 3 341 0
1 353 0 658 3 460 0
2 918 2 646 3 990 0
1 635 0 755 3 676 3
2 28 3 489 1 283 1
2 967 2 67 2 998 2
1 826 1 927 3 565 0
1 635 1 819 1 521 3
1 291 0 731 2 109 2
2 763 1 785 3 48 3
1 508 3 835 1 893 1
2 35 0 591 0 591 1
2 499 3 392 1 56 0
2 726 1 996 1 581 0
1 710 0 226 3 974 1
1 411 0 377 2 902 2
1 794 3 730 1 500 0
1 582 3 991 1 71 2
2 107 2 650 3 25 1
1 779 1 465 2 654 3
1 342 2 647 0 667 1
1 993 2 628 1 200 2
2 361 0 704 3 717 3
2 853 1 310 0 826 0
1 556 1 45 1 447 0
1 450 2 834 2 264 1
1 90 2 870 3 906 2
1 697 2 624 3 507 2
1 332 3 264 1 839 2
1 979 0 700 0 749 2
1 819 2 949 3 24 0
1 472 2 632 1 617 1
1 381 1 286 2 366 2
1 336 1 588 0 830 1
1 512 2 151 0 898 3
2 243 1 943 1 328 3
1 980 0 155 2 797 2
2 949 0 257 3 648 1
2 482 3 813 1 30 2
1 69 2 53 0 136 0
1 836 1 561 3 855 2
2 533 1 971 1 627 3
1 558 0 688 1 152 0
1 563 2 425 0 560 2
2 651 0 87 1 506 1
2 821 3 671 0 731 3
2 938 1 44 3 249 1
1 757 1 297 1 835 1
2 196 1 329 2 184 0
2 644 3 999 1 881 0
1 652 2 160 3 138 1
2 557 1 337 2 248 0
1 810 1 316 1 570 2
1 618 2 225 1 435 0
2 77 2 701 2 750 1
1 375 0 342 1 853 1
1 634 3 77 1 698 3
1 274 0 886 2 326 0
2 842 3 967 0 336 2
2 693 3 47 0 102 2
2 796 2 651 3 778 2
2 297 1 112 2 59 2
2 963 0 224 1 322 1
2 219 2 438 0 586 1
1 330 0 973 1 244 3
2 114 2 15 2 507 3
1 373 3 435 1 751 0
2 9 1 419 3 389 1
1 136 2 114 0 158 2
2 47 1 701 3 976 1
2 42 3 17 3 678 3
2 737 2 595 3 277 0
1 326 2 176 1 870 1
2 776 2 478 0 60 0
2 188 2 834 1 510 1
2 615 0 178 3 952 0
1 556 0 700 1 459 2
1 697 1 523 1 957 3
1 380 1 791 2 631 2
2 551 3 107 0 887 0
1 314 2 774 0 427 2
1 380 1 787 3 865 2
1 171 2 683 0 318 1
2 535 0 707 3 199 2
1 321 0 665 1 461 3
1 925 0 672 2 14 1
1 743 2 883 0 286 0
2 95 2 634 3 476 1
2 959 3 561 3 904 1
1 66 1 837 3 382 0
2 237 1 982 3 173 1
2 236 3 962 2 159 2
1 466 3 197 3 203 1
2 636 0 750 3 414 0
2 400 1 329 0 688 2
2 83 0 881 0 35 1
1 848 3 94 0 363 0
2 191 0 829 1 639 1
2 542 3 15 2 769 1
1 593 0 207 0 152 0
2 140 3 189 1 694 3
2 282 2 963 3 791 1
2 150 1 718 3 795 0
2 392 0 239 1 997 1
2 911 0 282 0 804 3
2 611 2 486 3 728 2
1 396 3 38 1 660 3
2 795 2 744 3 312 3
2 187 2 696 0 172 3
2 543 2 35 1 370 1
1 192 0 377 2 370 2
1 199 3 660 0 243 2
1 662 0 579 0 278 1
1 144 3 142 3 703 3
2 285 3 507 3 131 0
2 442 1 740 1 369 0
1 545 2 948 2 123 1
2 443 3 916 0 527 0
1 624 3 446 3 558 2
2 245 2 357 3 806 2
2 240 2 241 0 379 1
1 741 2 443 3 469 0
2 631 2 471 0 967 3
1 305 0 326 0 605 3
2 624 2 747 1 853 1
1 798 3 730 3 219 3
1 1 3 359 3 757 3
2 166 2 486 3 506 3
2 866 2 528 3 119 0
1 77 1 760 3 409 1
2 88 0 295 2 571 2
2 393 3 636 3 773 0
1 741 0 93 0 188 1
1 312 1 407 0 989 1
1 683 3 914 0 887 2
1 528 1 26 1 281 2
2 988 0 939 1 96 0
1 943 1 142 1 46 3
2 579 0 669 3 336 3
2 21 0 157 1 650 2
1 602 3 843 2 978 2
1 133 2 601 3 528 0
1 94 1 918 3 828 0
1 546 0 505 1 3 1
1 3 1 290 0 934 2
2 139 0 364 0 643 2
2 445 3 712 3 310 1
2 719 2 168 0 453 0
2 506 0 38 0 211 0
1 237 1 726 3 327 0
1 513 3 193 0 289 0
2 424 0 873 2 254 3
1 754 2 499 1 773 2
1 163 1 820 2 802 1
1 33 0 68 0 48 1
1 952 3 881 2 687 3
1 251 2 755 0 486 0
2 242 2 349 0 11 1
2 62 3 657 2 455 2
2 750 1 569 0 773 2
2 442 3 5 1 391 1
2 367 0 683 1 117 2
1 287 1 737 0 215 1
1 407 2 55 0 197 2
2 870 2 147 0 932 3
1 28 0 657 3 253 0
2 75 0 766 1 348 3
2 121 1 844 2 269 0
1 698 3 177 2 849 0
2 897 0 968 3 342 0
1 161 1 851 3 23 2
1 174 1 992 0 64 1
2 612 3 108 3 828 1
1 699 1 15 0 771 0
2 751 2 260 1 178 1
2 676 3 100 2 572 0
2 847 0 516 0 598 2
1 103 1 711 0 766 3
2 427 2 784 0 561 0
1 191 2 505 0 919 1
2 558 1 668 3 635 3
2 335 1 447 3 113 2
1 699 0 593 0 322 0
2 774 3 196 0 694 0
2 627 2 790 0 438 2
1 646 3 717 3 754 0
2 826 1 449 2 852 0
1 167 2 348 1 382 3
1 45 1 713 1 642 3
2 31 0 355 0 176 0
2 50 1 789 1 135 0
2 862 1 146 0 549 1
2 48 1 701 2 940 0
2 5 2 279 3 710 3
1 657 2 935 1 143 3
2 933 0 35 3 409 3
2 969 3 561 0 152 3
2 352 0 540 3 616 0
2 65 0 905 2 109 2
1 816 1 890 1 176 2
1 203 1 261 1 19 2
1 991 1 784 3 240 0
1 334 0 636 3 740 0
1 839 1 310 2 524 1
2 366 0 644 3 48 2
2 899 3 397 0 222 2
2 169 3 329 3 971 1
1 267 3 171 3 545 2
2 946 2 903 2 287 0
1 819 1 394 2 27 3
2 291 3 168 2 947 2
2 471 1 577 3 251 0
1 16 1 963 0 91 0
2 814 2 657 0 843 0
1 351 3 311 1 671 3
1 449 1 590 3 594 0
2 766 0 616 0 710 2
1 425 1 243 3 312 1
1 706 1 333 0 32 1
2 388 3 313 1 835 3
1 54 1 471 3 672 0
1 595 0 556 3 883 2
1 789 2 735 2 882 1
1 869 2 550 3 980 0
1 596 2 313 0 367 2
1 199 1 666 2 505 0
2 502 3 787 0 134 1
1 468 1 158 3 445 1
1 783 2 90 2 447 2
2 930 3 41 1 801 1
1 699 0 795 1 268 0
1 92 1 371 2 101 3
2 864 2 985 0 156 3
1 256 2 534 2 407 3
2 969 3 674 3 648 3
2 24 2 390 3 116 3
1 401 1 465 3 561 3
1 317 1 564 2 659 1
2 899 3 284 0 860 2
1 659 0 972 2 372 3
1 903 2 802 2 227 0
2 314 3 388 1 320 2
1 184 2 55 1 443 3
1 440 0 143 0 425 2
2 15 2 567 0 492 1
1 115 3 543 1 667 3
1 952 1 612 1 45 1
2 467 2 361 2 234 1
1 372 0 421 3 696 1
2 505 0 393 0 871 1
2 16 0 981 2 450 3
1 198 3 289 1 559 2
1 965 3 119 3 303 3
1 45 0 194 3 764 2
1 244 2 149 0 443 1
1 839 1 766 1 406 0
2 171 3 294 1 777 0
2 153 1 406 2 404 3
1 195 0 949 1 522 2
2 14 1 971 1 219 3
1 370 2 828 2 515 3
1 114 1 74 0 812 1
2 98 2 702 2 199 1
1 521 3 474 1 113 2
2 154 0 132 3 449 3
1 161 1 185 1 733 1
2 975 2 425 3 979 2
2 663 2 808 1 14 3
2 943 1 66 2 651 0
1 748 1 409 1 204 0
2 847 1 957 3 639 3
1 178 0 73 1 463 1
2 490 1 512 0 663 0
1 924 3 334 1 399 3
2 179 2 258 3 329 1
2 751 2 272 3 649 0
2 753 0 112 1 73 3
1 179 0 827 2 727 1
1 606 3 65 1 598 3
1 195 1 396 0 453 2
1 984 3 389 1 96 1
1 376 3 723 0 241 0
1 299 1 262 0 396 3
1 356 2 198 2 189 2
2 287 0 528 1 683 0
1 448 1 368 0 248 3
2 948 0 524 1 35 2
1 289 3 462 3 219 2
1 345 3 996 3 545 1
2 137 2 785 3 281 2
2 197 2 114 3 81 0
2 356 0 883 2 166 3
2 256 1 883 2 352 0
1 351 3 775 0 571 2
2 799 3 54 2 610 0
2 681 2 35 0 563 0
1 471 2 360 2 772 3
1 910 0 687 3 579 1
2 960 2 52 2 637 3
2 657 2 278 2 715 0
1 348 1 807 3 911 0
1 648 0 838 3 873 0
2 648 0 597 0 683 3
2 42 0 997 2 543 3
1 456 1 108 1 679 0
1 702 1 279 1 924 0
2 938 3 887 0 93 3
1 811 3 630 0 180 1
2 589 3 895 1 321 2
1 804 2 412 1 480 1
2 14 1 710 0 733 3
2 731 1 408 2 753 2
1 227 0 906 2 146 3
1 153 0 34 3 965 0
1 863 0 770 0 444 2
2 711 3 118 1 760 0
1 848 3 256 3 739 0
2 752 3 857 3 20 2
2 573 2 881 3 349 1
1 938 1 406 2 439 2
1 533 2 845 2 168 1
1 102 1 640 1 927 3
2 393 3 137 0 845 0
2 678 1 631 1 769 2
1 370 1 962 1 206 2
1 291 2 485 1 998 0
1 947 1 531 2 681 0
2 95 3 126 0 797 3
2 424 2 515 3 648 3
1 51 0 174 3 471 2
2 268 1 845 2 173 1
1 564 3 703 3 347 3
2 286 2 44 0 363 1
1 911 3 232 3 220 2
1 744 1 429 2 472 1
1 835 3 824 0 802 2
1 19 2 668 1 209 0
2 468 2 81 0 863 1
1 109 3 299 1 3 0
1 914 0 677 1 603 0
1 324 2 985 0 820 0
2 867 3 653 2 933 0
2 866 0 590 1 177 2
1 33 3 912 1 185 3
1 503 1 314 2 504 0
2 277 2 333 1 994 1
2 110 2 622 3 711 3
1 643 2 795 3 883 2
2 861 1 644 3 302 1
2 342 2 356 1 117 3
1 212 0 927 3 244 1
1 399 1 597 3 169 1
2 236 1 741 2 18 0
1 807 3 242 1 534 2
1 436 0 51 3 609 2
2 225 2 555 1 26 1
2 78 3 195 1 757 2
1 594 2 179 2 647 0
1 250 0 780 2 115 0
1 593 0 380 0 960 0
2 298 3 98 0 392 1
1 366 1 826 1 996 2
2 671 3 586 2 922 1
1 560 3 604 2 158 0
1 105 2 773 2 542 3
2 61 1 348 1 292 1
2 350 2 170 3 499 1
2 952 2 127 0 70 2
1 608 3 349 1 219 3
1 386 0 509 0 345 3
1 173 2 493 2 186 2
1 843 1 85 1 300 0
1 306 1 540 1 829 3
1 763 1 477 0 683 2
2 899 1 792 0 957 3
2 651 0 320 0 804 0
1 632 0 472 3 292 3
1 183 0 243 1 726 2
2 550 1 877 0 759 0
2 672 0 611 3 984 3
2 221 0 971 2 366 1
2 537 2 906 3 649 0
1 904 1 786 2 561 1
1 262 3 788 3 980 2
2 751 0 388 0 787 1
1 396 0 163 0 376 0
2 278 0 937 3 10 0
1 711 1 4 0 463 1
2 879 2 700 0 673 0
2 359 0 826 0 50 2
1 394 1 863 1 335 3
1 611 0 313 0 884 3
1 819 2 635 2 701 0
2 670 3 981 3 542 2
1 561 1 79 3 993 2
2 340 0 96 3 165 0
2 336 3 621 2 786 1
2 875 2 702 2 858 0
1 112 1 5 2 78 2
1 765 1 497 1 180 1
1 584 3 480 3 581 0
1 588 0 184 0 96 0
1 475 2 504 0 548 1
1 838 3 636 2 77 0
1 285 2 562 1 322 2
2 390 3 200 1 281 2
2 618 2 44 0 698 2
2 974 0 593 2 641 2
2 264 1 578 3 541 0
2 642 2 333 0 839 2
1 613 2 388 2 320 0
2 335 0 533 0 336 0
2 987 2 347 2 595 3
2 221 1 252 3 448 2
2 882 0 49 2 551 0
2 524 2 302 1 431 1
2 677 1 478 1 84 2
1 659 1 374 0 915 0
2 473 1 341 3 951 0
2 355 2 728 3 995 1
1 311 1 453 0 261 2
1 837 0 595 2 91 2
2 294 0 398 3 231 3
2 430 0 283 2 911 1
2 125 0 956 2 885 3
2 790 3 77 1 682 3
2 270 3 964 2 519 2
1 636 1 890 2 325 2
1 354 0 191 1 126 1
1 988 3 842 2 49 3
1 625 1 878 0 90 0
1 506 1 414 2 288 2
2 480 2 16 3 700 0
1 584 3 19 2 697 3
1 36 0 902 0 936 2
1 253 1 755 3 961 0
1 681 3 377 3 548 0
1 29 2 52 1 865 2
1 567 2 336 0 429 2
1 954 0 949 0 815 3
2 910 3 385 3 838 0
2 229 1 146 0 315 0
1 726 0 433 1 134 1
2 498 2 961 0 148 1
1 826 3 7 3 736 3
2 854 1 272 0 473 3
1 618 2 225 2 594 3
1 557 3 682 2 880 3
2 734 2 636 1 481 3
1 133 2 644 0 567 2
2 190 0 305 3 62 0
2 160 2 527 1 676 2
2 313 3 379 3 297 1
1 980 2 983 1 830 3
2 912 2 182 0 363 1
1 851 0 871 3 17 2
1 975 2 723 0 916 3
2 229 3 747 1 134 3
1 410 1 611 1 761 1
1 521 2 134 1 222 3
1 506 1 27 1 357 3
2 733 2 365 3 654 1
1 900 3 883 0 195 0
1 717 1 492 0 345 2
2 698 3 627 0 251 2
2 112 1 681 0 738 2
1 209 1 708 3 566 3
2 79 1 988 1 765 3
2 338 3 451 2 982 0
2 790 0 47 1 239 3
1 259 1 333 3 997 0
2 280 3 944 1 629 2
2 697 3 689 0 678 3
1 946 2 146 0 610 3
1 122 0 802 1 890 1
2 828 2 608 2 925 2
2 551 2 154 1 853 0
2 427 3 29 3 876 2
1 774 0 181 2 370 1
2 110 1 812 1 204 0
1 53 2 699 0 912 3
2 695 3 20 0 853 2
1 802 2 972 2 988 0
1 376 2 637 0 906 2
2 186 2 977 1 24 1
2 680 3 199 1 224 0
2 494 3 309 2 269 1
2 432 0 902 3 112 3
1 60 2 162 2 45 1
1 275 1 942 0 520 0
2 537 0 510 3 865 0
2 544 1 93 3 116 3
2 355 3 830 2 213 0
2 605 3 220 3 699 0
1 935 1 814 0 283 2
2 434 0 64 2 253 3
1 142 3 711 2 75 0
1 145 3 56 2 78 1
2 285 2 647 2 481 3
2 273 0 989 0 271 1
2 496 3 26 0 353 3
1 351 2 576 3 496 1
1 35 3 796 3 119 1
1 5 3 268 0 431 1
2 115 3 860 3 294 3
1 497 0 380 2 906 1
2 864 2 549 2 704 0
1 371 2 16 1 251 0
2 943 2 610 1 916 0
1 114 3 813 2 834 2
2 219 1 888 2 776 3
2 128 3 39 2 183 2
1 498 3 251 2 775 0
1 280 0 273 1 156 0
2 292 1 53 2 163 2
2 693 0 912 2 376 2
1 552 0 790 0 475 0
1 899 2 814 1 475 1
1 316 2 801 0 70 3
2 155 3 970 0 481 0
2 447 0 207 0 369 0
2 94 2 423 1 171 1
2 913 0 178 3 685 2
1 68 3 769 1 932 2
2 494 3 304 2 580 0
2 396 0 146 3 109 0
1 260 2 309 2 544 0
1 59 1 90 3 466 0
2 519 0 837 2 727 0
1 670 2 110 0 782 1
2 297 1 621 3 878 3
1 64 3 710 3 485 1
1 607 3 371 3 728 0
1 767 1 117 2 122 2
2 541 0 380 3 688 1
2 194 2 805 0 230 0
1 411 3 953 0 250 3
1 60 0 850 2 588 3
2 561 3 235 0 236 3
2 620 2 895 0 454 2
1 995 3 358 0 709 2
1 487 0 305 2 516 3
1 920 3 784 1 824 0
1 111 3 462 1 991 2
2 811 3 76 1 39 1
1 645 3 696 2 618 0
1 215 2 508 0 255 3
2 87 1 682 0 180 1
2 965 2 383 3 208 2
1 677 2 42 1 998 0
1 802 2 384 0 171 3
2 472 1 224 2 29 2
1 716 2 439 2 592 2
1 693 1 836 1 210 1
2 384 0 252 1 887 3
2 794 3 980 0 325 0
1 156 1 600 2 435 2
2 794 3 123 1 572 3
1 8 0 511 0 873 1
2 691 3 554 3 364 2
1 330 0 316 3 966 1
2 180 3 351 0 187 3
2 666 2 598 1 733 1
1 326 0 532 3 387 1
2 713 0 519 2 683 0
2 335 3 852 0 823 3
2 196 3 417 2 669 3
2 334 2 342 0 279 3
2 123 2 201 3 462 1
2 554 3 423 0 956 1
1 117 0 294 1 430 3
1 332 2 151 0 118 1
1 575 1 984 3 601 1
2 496 0 824 2 300 2
1 852 3 167 3 3 3
1 623 1 751 3 738 2
2 760 0 163 1 13 2
2 493 1 174 2 788 2
2 903 1 735 1 345 1
1 148 1 849 0 673 3
2 392 0 996 1 897 1
2 518 3 429 3 979 1
2 857 3 890 0 696 1
2 664 1 979 2 345 0
2 21 1 378 1 60 3
2 659 0 163 1 589 1
2 494 3 640 0 349 1
2 662 1 891 1 193 3
1 304 0 905 1 375 1
2 760 2 312 1 299 0
2 390 3 668 2 273 0
2 264 0 298 0 771 2
1 987 3 63 2 47 3
1 161 1 499 1 28 3
2 618 2 200 3 112 3
1 512 1 880 2 480 0
1 507 0 186 0 792 2
1 145 0 771 1 751 2
1 539 2 359 2 970 2
1 396 2 101 3 679 1
2 522 1 532 0 433 2
1 64 0 724 3 521 0
1 34 1 552 1 153 3
1 995 1 955 3 315 3
1 37 1 752 0 337 1
2 708 3 599 2 887 2
1 456 1 418 2 309 0
2 727 1 210 1 86 3
1 709 3 363 3 297 1
1 486 0 809 2 461 3
1 761 0 764 2 813 2
1 254 3 177 2 228 3
2 176 1 71 3 655 3
1 472 3 797 1 58 0
2 217 3 638 1 694 3
2 716 1 665 3 119 1
1 847 0 806 0 881 1
2 315 0 23 1 873 0
2 767 3 707 3 239 3
1 646 0 402 2 745 2
1 737 0 835 3 782 3
1 890 1 303 1 675 1
2 533 0 843 3 124 0
2 87 3 134 3 755 0
1 984 3 411 3 797 3
1 865 3 942 3 120 0
2 266 3 342 2 626 0
2 484 2 910 2 817 1
1 627 3 287 1 239 3
2 522 0 442 2 481 2
2 33 1 329 0 546 1
2 791 2 265 0 534 3
1 77 2 342 2 305 0
1 546 2 220 2 33 0
1 258 2 33 0 313 3
1 796 3 871 3 945 3
1 125 0 433 0 370 2
2 635 0 292 3 798 2
2 442 0 4 1 228 3
1 540 2 840 2 288 1
2 497 3 872 2 680 2
2 773 2 769 3 827 0
1 433 2 145 3 878 1
1 810 1 225 1 565 0
2 873 1 721 0 578 2
1 830 1 567 2 636 0
1 803 1 745 3 706 3
1 771 2 907 0 371 2
2 922 3 43 2 879 2
2 797 3 841 2 122 1
1 132 1 659 0 235 0
1 670 2 752 1 388 1
2 852 3 64 1 482 0
2 533 1 872 2 438 0
2 577 3 194 2 67 2
1 938 0 261 0 880 2
2 680 0 834 2 502 1
1 208 3 280 2 320 0
2 44 2 27 1 102 3
1 307 3 193 1 499 1
2 541 0 20 0 248 3
1 438 0 698 0 472 3
2 657 2 603 3 475 0
1 931 1 739 1 211 0
2 800 2 182 2 31 1
2 454 1 6 2 833 0
2 683 0 574 1 554 0
2 928 2 395 1 161 1
1 39 3 125 2 162 3
1 769 0 358 3 347 1
2 40 3 971 0 964 1
1 408 0 764 2 63 2
1 662 0 136 3 744 2
1 166 3 730 3 124 0
1 159 0 213 2 314 1
1 172 2 14 1 969 0
1 267 3 706 2 83 3
2 727 1 850 0 310 2
2 672 3 453 3 251 1
2 961 2 320 1 578 2
1 130 3 220 3 617 1
2 884 0 286 2 331 0
2 994 1 852 2 438 0
2 680 0 248 2 908 2
1 666 3 291 3 475 1
1 258 1 638 0 192 0
2 198 3 20 2 192 0
1 113 3 907 1 982 2
1 164 1 224 1 928 3
1 710 0 570 0 320 2
2 830 2 516 2 644 0
1 625 1 137 3 662 3
2 221 2 274 0 388 2
1 713 1 110 0 130 2
2 992 0 959 0 968 1
2 690 3 690 0 517 3
1 921 0 427 0 673 0
1 844 2 591 0 305 1
1 641 2 692 2 710 1
1 210 0 746 3 311 3
1 292 2 438 1 897 2
2 638 2 217 3 549 1
1 452 2 474 0 531 1
2 484 1 487 2 558 2
1 781 2 226 1 108 3
1 171 3 558 0 457 0
2 21 2 740 0 82 3
2 49 0 587 1 455 2
2 839 1 639 2 893 2
1 994 1 186 1 900 3
1 299 2 552 1 109 2
2 525 0 939 3 251 3
2 797 2 81 3 869 1
2 477 3 356 1 598 2
2 211 1 494 2 328 2
2 573 2 666 3 954 0
2 637 0 863 0 447 2
1 410 1 154 1 929 3
1 843 2 810 1 210 0
1 993 3 730 0 245 2
2 683 0 655 0 32 0
1 830 3 540 0 901 3
1 37 0 233 2 950 0
1 606 0 357 1 63 2
2 870 0 417 0 29 1
2 852 2 425 3 820 0
1 46 1 474 2 18 0
1 741 3 979 1 736 1
1 845 0 393 1 772 1
1 272 2 331 3 778 2
2 69 2 550 3 443 2
2 247 0 522 0 228 0
2 351 3 746 3 543 1
1 394 3 991 3 885 2
1 325 0 376 3 192 1
2 733 0 937 0 478 2
2 328 2 239 3 2 2
1 760 3 920 0 216 3
2 475 2 968 0 154 0
1 700 3 421 1 821 1
1 918 1 648 3 90 3
1 746 0 299 0 788 0
1 533 3 487 1 207 2
1 853 1 730 0 29 2
2 785 0 952 1 78 3
1 779 2 605 1 965 0
1 996 0 542 0 644 3
2 799 3 396 0 961 2
2 372 2 661 1 756 2
1 361 0 536 3 677 0
1 722 0 688 2 484 0
2 820 3 656 0 843 3
2 192 1 960 3 998 1
2 651 2 744 1 382 0
1 656 2 55 1 117 3
2 144 1 182 2 641 3
1 931 2 731 3 975 1
2 721 2 579 2 317 1
1 128 1 79 3 558 3
2 603 2 322 1 842 2
2 195 0 899 2 576 0
1 274 3 596 0 546 2
1 80 2 732 2 458 1
1 208 3 749 3 326 0
1 271 1 562 3 977 3
2 996 1 94 3 394 0
2 651 0 342 0 771 3
1 51 1 281 0 359 0
1 627 0 489 3 525 1
2 774 3 170 1 128 1
1 622 0 226 0 789 0
2 675 1 830 3 28 1
2 127 0 796 2 286 0
2 602 3 288 3 952 1
1 562 3 224 1 408 2
2 958 2 541 2 306 2
1 947 2 235 1 801 0
1 998 3 108 2 11 0
2 479 0 132 0 38 3
2 694 0 531 1 384 3
1 338 0 975 1 973 3
1 554 1 29 0 798 1
2 262 1 951 2 771 2
2 410 2 30 1 33 3
2 248 2 281 0 142 3
2 288 2 170 2 628 1
2 832 0 96 2 806 2
2 721 3 978 0 202 3
2 504 3 171 3 669 2
1 301 1 343 0 738 2
2 85 0 449 3 800 3
1 19 1 743 2 531 2
2 774 2 683 2 89 0
2 321 2 528 2 723 0
2 516 2 561 2 134 0
2 328 1 239 0 861 1
1 851 3 248 2 682 0
2 149 0 131 3 50 0
2 173 2 294 2 47 1
1 206 3 891 1 165 1
1 806 1 964 3 934 1
2 924 1 853 3 644 2
1 522 0 675 2 280 1
1 783 0 925 0 332 0
2 363 2 89 3 976 2
1 485 0 766 2 149 3
2 707 3 127 2 82 3
2 754 0 772 3 560 3
1 181 0 170 2 522 3
1 9 2 290 2 930 1
2 265 3 102 0 621 1
2 45 2 354 3 955 2
2 217 1 489 3 976 3
2 907 0 860 3 570 1
2 956 2 30 3 222 2
2 417 1 927 1 868 1
1 288 2 748 3 863 0
2 606 2 894 3 474 1
1 120 0 965 1 45 1
1 800 0 934 0 858 3
1 795 0 295 0 453 3
1 945 2 542 1 743 1
1 245 0 637 0 72 1
2 427 0 788 1 73 0
1 729 2 796 2 872 0
2 864 1 301 0 377 0
2 133 3 411 1 51 2
2 704 2 546 3 669 2
1 394 1 245 3 609 1
2 198 2 948 0 867 0
2 936 3 325 1 691 1
1 732 3 3 2 229 1
1 75 1 566 3 840 1
2 454 1 199 0 547 2
1 458 0 9 0 334 2
1 206 3 479 0 457 1
2 276 1 788 3 949 2
2 82 1 130 0 296 1
1 624 1 697 2 537 0
1 94 2 139 2 716 1
2 937 3 636 0 779 2
2 929 0 152 3 527 2
1 257 3 803 3 338 0
2 89 3 251 3 218 2
1 68 3 602 1 639 3
1 928 2 245 3 21 3
2 676 1 161 0 286 0
1 483 1 125 0 55 0
1 698 3 69 3 220 1
2 770 0 858 3 103 0
2 190 2 322 0 85 2
2 33 3 558 1 611 0
1 518 0 847 3 413 1
2 344 2 171 2 521 3
2 483 1 538 0 864 1
1 216 3 178 2 371 3
1 497 3 911 0 373 2
2 953 1 187 1 264 2
2 591 1 398 0 665 1
1 874 3 924 2 711 2
1 554 1 461 0 670 2
2 983 2 92 3 853 2
2 180 0 634 1 788 0
1 928 3 79 1 765 3
1 439 2 760 0 253 0
2 153 0 371 2 11 3
1 10 3 523 0 248 3
2 905 0 944 1 813 2
1 177 1 978 2 716 3
1 463 3 491 1 716 2
2 467 3 71 2 178 1
1 237 1 567 1 417 2
2 970 2 627 3 884 3
2 866 2 126 3 847 3
2 577 1 827 2 469 2
1 926 0 290 0 496 1
2 504 0 7 1 949 1
2 59 2 902 2 774 1
1 868 1 338 2 416 2
1 30 3 789 2 831 2
2 111 2 35 2 613 3
2 936 0 817 1 317 1
2 47 1 604 3 128 1
2 173 3 307 1 52 1
2 824 3 30 3 19 1
1 956 0 80 0 570 3
2 22 3 496 3 726 0
1 122 0 385 0 251 0
2 134 1 255 0 686 3
2 836 2 876 1 720 0
2 916 2 639 1 217 0
2 838 2 173 3 433 2
1 380 3 636 1 863 1
1 622 0 502 1 277 2
1 957 0 883 0 874 0
2 360 0 440 2 490 3
1 333 1 407 0 10 3
1 604 1 346 0 433 2
2 119 1 756 0 238 0
2 438 1 760 2 144 0
1 999 1 65 0 308 3
2 516 2 456 3 371 2
2 920 0 756 2 6 0
2 844 1 172 1 795 3
1 924 0 980 3 221 2
2 633 2 953 3 479 3
2 933 3 781 2 899 3
2 107 0 449 3 446 3
1 607 2 380 2 552 2
2 841 3 470 1 966 3
2 950 3 757 0 370 2
1 800 2 373 3 530 3
2 447 1 270 2 669 3
1 625 3 982 1 586 3
1 309 0 762 2 24 3
2 822 3 572 0 391 3
2 345 1 136 2 939 0
1 884 2 4 1 952 2
2 715 1 44 2 224 0
1 439 3 477 0 722 0
2 602 3 661 2 963 2
1 465 0 169 2 365 1
2 664 3 483 2 948 1
1 239 0 961 2 372 1
2 543 1 523 3 451 0
1 448 1 615 3 196 1
1 515 3 841 0 859 3
2 943 2 356 3 538 0
1 571 0 605 2 583 1
2 139 0 681 2 724 0
2 32 3 971 2 496 3
2 421 2 882 3 763 0
2 880 2 936 3 439 3
2 136 2 184 1 551 2
1 818 2 164 3 441 1
2 311 3 159 2 582 2
1 847 2 611 2 975 1
1 494 1 863 1 539 1
2 576 2 829 0 274 0
1 526 1 382 2 643 2
1 897 1 423 3 814 2
2 107 3 266 2 935 0
1 733 1 195 1 800 2
1 177 3 84 2 776 1
2 834 0 602 2 134 1
2 189 3 444 0 159 2
2 989 0 977 1 697 3
2 264 1 335 1 435 0
2 322 1 114 1 424 1
1 965 3 560 0 965 2
2 415 2 941 0 82 0
1 175 3 363 1 206 2
2 82 1 0 3 122 1
2 793 0 244 1 489 0
1 961 1 946 0 180 1
2 633 0 447 2 727 2
1 470 2 104 1 94 1
2 91 2 167 3 133 0
1 876 3 973 1 264 1
2 911 0 210 2 102 2
2 545 2 437 3 874 1
2 428 1 606 1 371 2
2 781 3 869 0 938 0
1 301 3 16 2 483 0
1 505 1 160 2 595 3
2 704 0 890 0 961 2
2 904 3 548 1 782 0
2 91 0 805 2 675 2
1 264 3 786 3 21 3
2 784 0 811 2 406 2
1 130 1 541 1 922 1
2 312 0 837 3 946 0
2 970 3 352 0 885 3
1 808 1 806 2 28 2
1 977 0 809 2 855 2
2 378 2 181 3 353 1
1 412 0 486 1 19 2
1 795 3 9 2 369 0
2 43 2 357 3 343 2
1 562 0 21 2 660 0
2 519 3 948 2 863 3
2 488 0 264 0 474 3
2 829 3 163 1 590 2
2 217 3 798 1 460 1
2 844 2 691 1 44 0
1 828 2 729 0 637 2
2 142 0 561 1 494 2
2 425 2 48 3 116 2
2 588 3 557 3 487 1
1 433 2 207 2 599 3
1 294 1 376 2 870 1
1 358 1 282 3 124 3
2 878 3 850 0 715 2
1 419 3 771 3 835 1
1 565 2 517 2 425 0
2 127 2 164 2 760 0
2 649 1 209 0 800 2
2 581 1 748 2 919 2
1 518 1 531 2 817 2
2 458 0 845 3 674 2
1 410 1 415 1 227 1
2 772 0 611 2 716 0
1 261 2 456 1 301 3
2 509 3 652 2 189 2
1 63 2 480 0 910 0
1 523 3 64 3 608 2
1 75 3 777 3 176 0
2 866 3 927 1 672 2
2 848 1 281 0 140 1
2 147 0 787 0 629 3
2 495 3 111 2 590 1
2 985 3 807 2 468 0
2 414 2 326 3 692 3
1 735 1 387 1 956 2
1 668 3 462 3 788 0
2 367 1 176 2 963 3
1 149 0 545 1 48 3
2 793 3 983 2 60 1
2 349 0 111 2 791 2
2 137 3 349 3 105 0
2 215 0 987 1 491 0
2 797 1 820 3 595 2
2 987 0 183 2 493 3
2 841 1 181 3 938 3
2 68 0 801 0 403 3
2 620 2 301 1 621 2
1 600 0 183 2 917 1
2 94 3 658 0 691 3
1 67 2 655 0 736 2
2 636 0 472 0 645 3
2 989 0 39 3 840 0
2 371 2 738 1 134 0
1 652 0 950 2 305 1
1 788 3 981 2 816 3
2 44 1 198 1 773 0
1 352 2 201 1 485 3
2 971 2 513 0 257 3
2 925 0 275 2 67 0
2 570 1 882 1 163 1
1 844 1 205 0 186 2
2 45 0 375 2 752 2
2 180 2 92 2 104 1
1 769 0 165 3 969 1
1 681 1 521 1 808 3
2 824 2 709 1 682 0
1 609 3 338 2 319 3
1 370 2 955 3 733 2
2 350 2 25 3 255 3
2 620 2 976 3 898 0
1 890 1 301 2 389 3
1 992 2 466 2 678 2
2 415 1 191 0 598 0
1 609 2 607 0 715 0
2 388 2 333 0 611 3
2 226 1 386 3 71 3
2 240 2 889 2 550 0
2 95 3 918 3 441 2
2 254 1 834 0 57 1
1 284 0 204 3 260 1
1 416 0 451 2 317 1
2 170 0 766 0 926 1
2 555 3 334 2 898 1
1 394 2 665 0 926 1
1 485 2 570 3 979 1
1 456 3 363 2 563 0
2 143 0 896 2 810 0
2 135 1 705 1 566 1
1 541 1 24 3 770 0
2 141 3 289 3 95 1
1 492 0 567 1 565 1
1 124 2 100 1 122 1
2 252 3 324 3 107 1
1 842 3 679 0 748 3
2 10 3 80 3 808 0
1 41 1 539 2 103 1
1 863 2 845 2 450 2
2 394 2 594 3 975 3
1 971 1 762 3 341 1
1 934 2 662 2 927 2
2 574 2 215 1 31 3
2 766 0 946 2 835 1
1 707 0 59 3 967 3
1 961 1 261 2 767 1
2 567 0 354 0 105 1
1 900 3 129 2 95 3
1 832 3 451 0 169 1
2 226 2 582 2 764 1
2 702 3 369 2 776 1
2 693 0 706 1 458 1
2 734 2 531 2 293 1
2 842 0 133 3 743 1
1 613 3 935 0 814 2
1 910 0 630 1 472 2
2 379 2 283 3 481 2
2 729 2 277 1 90 3
2 999 2 750 2 11 2
2 905 2 835 2 750 3
2 842 0 35 3 633 1
1 524 3 132 2 150 0
1 938 3 497 3 701 1
1 56 2 368 3 395 3
2 833 3 806 3 307 0
1 338 0 826 0 707 1
2 735 3 997 3 961 0
1 562 3 188 1 2 0
2 392 0 863 0 92 0
2 765 1 152 2 153 0
2 755 1 986 2 770 3
1 613 1 176 2 385 3
2 227 0 341 3 453 1
1 639 2 74 3 438 2
2 842 3 900 0 111 3
1 963 0 88 2 855 1
2 173 3 195 3 239 1
1 391 2 725 0 319 3
1 360 2 383 2 310 3
2 918 0 25 0 950 0
1 678 3 442 0 624 3
1 316 3 570 3 562 2
1 71 1 896 0 203 2
2 302 1 809 2 526 0
1 838 2 335 1 639 2
1 768 1 681 2 780 3
2 275 2 120 2 572 3
2 773 3 308 2 759 1
1 981 0 47 2 962 3
1 864 2 38 2 449 0
2 75 0 960 3 135 1
2 486 2 833 2 359 0
2 426 0 758 3 459 0
2 980 1 377 0 756 3
2 711 3 550 2 236 3
1 520 0 518 1 455 0
2 632 0 512 2 615 0
1 840 2 82 2 978 1
1 629 2 259 1 448 3
2 283 3 642 2 534 3
1 367 2 859 0 466 0
2 309 3 184 2 24 0
2 752 1 565 3 998 0
1 380 3 736 0 83 2
1 447 2 120 2 127 3
1 741 2 532 1 791 3
2 99 1 252 2 958 3
1 798 1 456 0 940 0
1 586 1 522 1 68 2
1 872 0 642 1 794 2
2 819 0 774 2 504 2
2 880 0 17 1 729 3
2 144 0 301 1 306 2
1 878 1 275 0 779 1
1 211 1 475 0 499 2
1 701 3 466 1 399 1
1 530 3 536 2 832 3
1 668 0 327 3 15 0
1 400 3 959 2 384 0
1 28 0 521 1 418 2
2 465 1 860 3 840 2
2 375 0 392 0 332 2
2 466 1 722 0 78 0
1 344 2 60 3 288 1
1 176 0 401 3 211 3
2 343 1 44 1 378 3
2 658 0 432 3 870 0
2 849 1 233 0 38 2
2 841 2 586 0 926 1
1 315 3 549 2 734 1
1 59 2 116 2 989 0
1 624 3 764 1 804 2
2 40 2 223 0 517 3
1 354 2 902 1 194 2
1 277 2 282 2 63 0
1 216 3 830 1 864 0
1 32 0 794 0 270 0
1 824 2 228 1 569 3
1 330 0 548 0 676 0
2 353 2 552 2 305 1
1 170 3 823 1 302 0
1 750 2 330 0 635 1
1 478 2 133 3 727 3
1 806 1 212 1 588 0
1 696 3 385 3 205 2
1 983 3 454 3 585 2
2 264 1 728 0 218 0
2 133 2 161 2 101 0
2 596 0 391 3 910 2
2 319 0 802 3 595 0
2 686 3 52 3 966 0
1 77 3 391 1 233 2
2 692 2 968 1 938 3
2 993 3 937 0 296 3
2 362 2 967 3 35 1
2 148 2 180 3 899 0
1 969 2 871 3 484 0
1 545 3 473 1 806 0
1 605 3 609 3 920 3
2 692 3 888 3 993 2
1 293 1 19 3 254 3
2 277 2 669 1 51 1
1 680 2 428 1 542 0
1 184 3 432 3 115 1
2 101 2 78 2 890 3
1 571 3 312 2 240 3
1 295 2 567 1 240 2
2 840 1 132 3 862 0
1 714 2 310 0 54 3
2 466 3 446 3 553 3
1 227 2 334 3 493 2
2 22 2 497 2 713 3
1 198 0 827 1 926 0
1 620 1 267 0 400 3
2 410 2 403 1 851 0
2 471 1 102 2 503 1
2 19 2 846 2 387 1
2 868 2 691 0 913 2
1 912 0 833 0 879 2
1 766 2 609 3 728 3
1 263 1 130 0 406 3
2 440 1 870 2 485 3
2 351 0 237 0 517 1
1 129 0 617 3 25 0
1 254 2 28 3 177 1
1 427 2 732 3 337 3
1 524 1 761 1 485 2
1 164 1 647 0 635 0
1 492 1 282 3 972 0
1 598 1 234 2 283 0
1 508 2 970 3 816 1
1 54 2 453 0 386 2
2 423 3 475 1 188 2
1 187 0 851 0 823 0
2 515 3 635 0 358 2
1 936 3 83 1 833 2
1 513 2 191 0 400 3
1 665 0 67 1 670 3
1 436 3 531 0 380 3
1 614 3 356 2 90 0
1 128 2 674 3 314 0
1 295 2 281 0 488 0
2 235 3 7 3 141 3
1 605 1 309 0 275 2
2 46 2 742 0 52 3
1 355 3 454 1 405 0
1 355 3 624 2 410 2
2 549 2 210 3 281 2
1 909 3 258 0 541 0
2 992 2 30 0 103 3
2 987 3 259 2 536 0
1 524 0 538 2 174 2
2 907 1 936 1 964 2
2 6 3 578 3 772 1
1 315 3 762 2 668 3
1 396 2 820 2 189 3
2 149 3 796 0 734 3
1 411 1 418 2 422 2
1 32 3 861 3 947 3
1 158 1 740 2 896 1
2 119 3 959 0 167 1
2 127 1 394 0 780 0
1 841 0 38 0 352 0
2 144 1 89 2 193 1
2 493 3 91 2 253 0
2 342 2 761 3 342 2
2 728 2 229 2 928 0
1 606 3 207 0 529 3
2 431 3 337 0 431 2
2 798 1 45 3 584 0
2 548 2 549 0 875 1
2 407 2 775 3 848 1
1 455 3 752 3 125 3
2 82 0 304 1 438 1
1 868 0 340 2 625 1
1 244 2 455 1 120 1
1 932 1 754 1 20 3
1 559 1 71 0 13 1
1 933 0 120 1 85 2
2 686 1 72 3 94 3
1 284 3 415 1 983 2
2 391 0 952 2 46 1
1 113 2 730 3 990 2
1 648 2 226 1 368 0
2 954 2 110 1 179 0
2 377 0 730 0 632 2
2 916 0 184 3 109 3
2 943 3 268 0 37 1
1 679 2 483 3 41 3
2 389 3 245 1 740 0
1 490 3 442 1 682 3
2 276 3 913 3 654 0
2 293 3 432 3 287 3
2 889 2 637 0 923 1
1 700 1 563 0 606 0
1 516 0 713 3 456 1
2 9 1 384 1 158 1
2 774 2 237 2 38 3
2 25 2 126 0 832 0
2 543 3 667 3 848 0
2 601 2 313 3 458 1
1 274 1 692 0 166 1
2 166 2 630 1 947 2
1 524 2 608 0 928 3
1 478 0 282 1 116 2
1 402 3 435 2 765 0
1 695 3 622 1 83 1
2 4 3 755 0 361 0
1 411 3 894 0 633 2
1 139 2 682 0 36 2
1 359 3 626 2 845 1
2 747 3 992 0 410 3
1 470 0 670 0 241 1
1 935 0 876 2 389 3
1 655 1 5 3 936 0
1 287 2 119 0 578 1
2 922 2 833 2 724 3
1 11 2 896 1 473 2
1 798 1 164 1 119 2
2 614 2 421 3 870 0
2 960 3 893 1 574 2
2 746 1 37 3 357 2
2 165 1 668 3 123 1
1 297 2 73 3 547 2
1 778 2 653 2 38 0
1 908 3 157 1 594 0
2 853 1 495 3 272 0
1 458 3 365 0 670 0
1 913 0 275 3 538 1
2 137 0 789 0 918 3
1 507 2 503 0 841 0
1 906 3 918 0 586 3
2 110 2 41 1 653 0
1 906 0 915 2 74 2
2 473 2 96 1 803 2
2 200 0 436 0 317 0
2 286 1 801 0 454 1
1 901 0 592 0 799 3
1 859 1 778 3 688 1
2 754 2 276 2 61 1
1 51 0 953 2 629 0
2 98 1 256 1 448 0
1 547 0 832 1 108 3
2 617 2 456 1 782 0
2 182 3 904 1 860 2
1 599 0 470 0 475 3
2 846 2 255 1 460 2
1 224 3 575 0 121 2
1 5 0 199 2 526 2
1 731 0 429 1 334 1
1 376 2 281 1 252 3
1 646 2 171 1 708 3
2 780 3 81 1 952 0
2 519 2 509 3 538 0
1 670 0 152 0 373 1
1 513 2 919 3 241 1
1 732 2 508 0 49 0
1 922 2 921 2 146 2
2 66 0 685 0 34 0
2 918 1 195 2 917 2
2 760 0 726 0 358 1
1 345 2 358 2 877 3
2 415 0 188 1 258 1
1 196 3 260 3 248 0
2 205 0 680 0 491 3
1 343 3 716 2 233 0
2 423 1 195 2 599 0
2 848 2 705 3 881 1
2 620 0 955 2 53 3
2 88 0 266 3 366 0
1 762 3 416 0 75 2
1 411 2 703 1 911 2
2 956 0 46 3 582 3
1 99 1 874 3 411 3
1 977 1 56 0 142 1
1 319 3 425 3 485 1
2 849 0 228 1 228 1
1 922 3 761 3 404 1
1 47 3 3 3 517 3
2 153 0 282 2 369 2
2 769 1 124 0 132 2
2 899 2 329 3 513 3
1 753 3 183 0 365 2
2 300 1 168 3 800 1
2 318 1 760 0 143 2
1 659 1 931 1 919 1
2 270 0 373 3 82 0
1 394 0 581 0 851 1
2 44 0 804 1 835 0
1 38 0 603 2 410 2
1 438 3 794 0 490 1
1 900 2 420 3 849 1
2 52 2 73 0 272 2
2 156 2 562 0 31 3
2 721 1 351 3 618 3
1 348 0 588 2 354 2
1 168 0 468 2 54 3
2 120 1 451 2 304 0
2 386 2 637 2 790 0
1 871 2 441 0 996 1
1 691 1 539 1 475 0
1 759 3 683 3 246 1
1 746 2 931 3 475 2
1 201 0 314 0 9 1
1 128 1 447 2 898 0
2 543 0 631 0 875 3
1 279 1 407 3 482 0
1 931 1 174 3 249 3
2 251 0 39 1 919 1
2 851 1 620 1 635 1
1 400 0 484 1 213 2
1 323 3 409 3 146 3
1 187 1 316 0 65 3
2 355 0 201 0 759 0
2 240 2 445 3 564 1
1 748 3 20 0 82 3
1 286 2 416 1 892 0
1 644 2 533 2 586 2
1 956 2 746 3 136 3
1 530 1 548 2 336 1
2 823 3 436 2 366 1
1 49 0 949 1 702 2
1 382 1 262 1 618 2
1 300 0 220 2 478 3
2 453 1 810 3 166 0
1 359 0 405 2 768 1
1 248 3 557 1 515 1
1 920 0 750 2 183 3
2 393 1 857 0 720 1
1 936 1 870 3 481 1
2 646 0 507 1 732 1
2 152 1 153 3 91 3
2 235 1 421 0 721 1
1 909 2 360 3 900 2
1 103 1 39 3 270 3
2 969 1 190 3 487 0
1 708 1 368 2 496 3
2 722 0 747 3 432 2
1 738 2 925 1 689 3
1 277 2 128 3 508 2
2 974 3 244 2 993 0
2 581 2 189 3 423 0
1 980 0 538 3 789 1
1 306 1 671 2 778 3
1 871 1 254 3 198 1
2 90 3 467 2 498 3
1 140 2 909 2 939 2
1 977 1 344 3 222 0
1 188 0 603 1 866 0
2 551 1 230 2 21 3
2 927 2 840 1 761 3
1 323 1 95 0 726 0
1 893 3 72 2 726 2
2 11 0 484 0 765 2
1 76 2 54 0 431 2
2 692 2 615 2 509 0
2 900 3 378 1 288 2
1 536 2 169 3 82 2
1 734 3 316 2 635 2
1 712 3 895 0 775 2
2 376 0 60 0 122 0
1 646 1 663 1 502 0
1 185 1 294 1 410 0
2 26 1 160 0 22 0
1 474 3 849 2 195 2
2 333 2 714 0 443 2
2 768 2 553 0 317 0
1 304 2 509 0 850 0
2 378 0 493 2 571 3
2 546 1 529 0 392 1
2 642 0 857 3 899 3
2 479 1 643 3 54 1
1 892 3 932 3 38 1
2 744 0 444 2 604 1
2 354 3 968 3 857 0
2 146 1 139 3 842 1
1 500 1 99 2 768 3
1 24 3 407 1 709 1
2 448 1 349 0 143 3
1 686 3 146 1 812 3
2 356 0 583 3 621 1
2 660 3 602 1 353 2
2 501 3 848 1 190 2
1 417 2 969 3 222 0
2 139 2 584 0 606 3
1 660 1 176 2 710 2
1 53 2 801 2 821 1
1 574 3 408 3 50 0
2 841 1 834 0 601 0
2 222 1 47 2 69 2
1 735 2 236 2 797 1
1 25 2 225 3 705 2
2 42 3 504 1 408 3
2 923 1 46 2 545 3
2 194 3 639 1 841 3
1 907 1 497 1 792 0
1 808 0 130 0 840 1
1 386 2 955 0 972 2
1 957 0 470 2 899 2
2 107 1 970 2 264 3
2 631 1 174 2 423 3
2 209 0 39 1 346 0
2 565 0 221 1 873 0
2 491 3 309 0 551 0
2 609 1 729 3 865 3
1 405 2 932 1 354 0
