12 100
755 411 200 597 889 551 750 236 369 599 198 444 30 826 693 325 667 52 633 185 316 315 533 301 233 142 275 789 748 678 176 855 89 728 453 330 631 555 919 353 155 117 797 537 944 490 862 963 894 495 148 210 810 33 864 396 527 139 185 627 818 713 483 259 441 936 590 73 843 509 426 350 626 575 887 922 417 750 885 311 597 386 874 408 771 738 804 299 229 341 278 47 54 761 659 847 49 249 272 893 
110 50 243 88 625 131 363 42 233 248 706 830 986 580 590 110 318 746 761 547 439 39 947 493 801 958 693 850 559 965 95 669 16 339 757 641 822 120 36 55 721 742 237 59 674 828 169 992 926 930 891 366 970 190 211 771 500 904 973 59 222 69 728 238 760 838 231 582 310 619 989 383 361 578 443 35 758 612 379 685 895 623 51 865 165 614 988 666 519 961 725 741 382 806 331 142 644 562 76 306 
182 65 690 895 996 133 283 754 97 14 439 992 989 842 857 155 457 845 821 328 159 898 69 893 704 752 36 700 314 464 7 848 530 697 744 526 830 379 632 279 393 72 272 383 914 481 890 723 679 63 51 190 961 472 83 18 224 471 718 539 936 725 739 818 422 835 696 604 214 328 236 960 400 508 695 667 341 585 390 20 648 794 210 961 266 646 979 843 117 698 734 53 423 473 871 198 309 567 154 875 
308 265 101 964 333 50 449 97 192 915 770 16 65 31 552 816 609 460 456 5 805 754 328 717 776 632 877 781 771 244 797 79 862 250 44 547 301 845 644 493 112 414 861 529 797 413 697 406 225 153 763 31 260 91 100 388 724 977 521 847 221 319 926 435 569 322 982 222 519 979 715 983 745 577 864 543 342 562 301 568 67 65 951 679 508 403 68 584 380 589 431 953 260 710 389 182 32 723 404 904 
0 0 2 2 2 2 3 3 4 6 10 12 13 14 15 19 20 20 5 11 17 5 12 16 20 27 23 24 31 28 27 23 28 23 31 38 47 43 32 35 41 35 41 35 36 40 49 45 38 36 32 39 33 49 66 58 66 63 56 71 56 59 54 51 51 64 72 71 55 51 72 87 74 78 85 77 88 86 84 76 81 79 74 87 87 86 74 81 75 75 89 96 94 93 95 94 99 97 92 99
0 0 1 1 3 3 4 6 6 8 9 9 10 13 13 16 10 19 19 21 24 21 24 23 22 24 27 26 25 28 26 29 32 47 46 47 46 42 49 40 45 44 48 47 33 38 36 36 36 52 55 57 57 62 55 56 53 60 56 60 59 62 76 63 68 69 76 70 78 77 69 70 64 64 76 63 68 69 78 82 94 98 98 98 79 97 89 81 90 92 88 86 86 82 85 87 86 94 91 99 
9 16 21 57 88 95 98 115 138 156 215 218 241 241 259 271 291 292 328 353 350 357 186 343 167 347 139 362 278 369 387 416 415 424 431 371 437 438 441 477 502 470 490 493 504 508 443 482 482 526 593 616 590 593 603 602 543 537 669 592 596 665 555 565 556 615 540 680 714 700 735 801 773 788 769 788 762 791 762 801 897 819 863 925 865 905 997 890 934 866 835 958 811 802 921 998 988 865 919 976 
9 20 22 23 23 25 28 29 49 56 58 72 77 81 106 114 174 171 187 163 197 409 222 257 331 201 286 281 230 400 284 210 295 282 327 383 274 245 389 399 409 452 413 433 433 456 468 469 429 411 478 481 738 622 740 506 679 616 637 668 673 600 675 577 608 543 698 750 707 634 559 663 754 834 790 805 854 844 800 776 789 823 808 808 873 835 834 774 890 910 921 906 902 976 891 976 906 893 940 939 
985 973 965 957 955 952 938 936 930 929 929 908 877 873 728 692 845 665 848 710 675 872 710 855 676 686 743 853 817 665 633 657 664 638 632 582 613 663 577 612 612 623 580 652 568 554 348 530 354 432 360 506 369 377 339 512 437 426 375 368 471 479 498 371 413 431 343 332 319 306 308 315 310 305 130 293 220 198 145 274 156 225 199 169 172 194 248 275 156 300 280 129 128 20 38 10 85 37 49 15 
996 977 949 940 940 922 912 931 875 933 932 875 840 808 799 865 789 778 847 856 872 832 818 771 657 755 720 619 641 694 646 635 639 742 647 743 614 594 569 585 559 575 593 513 499 587 489 485 460 447 452 456 434 393 313 381 372 389 373 383 290 286 348 368 287 268 387 297 339 344 330 309 259 224 176 237 187 224 232 162 149 149 160 158 146 126 62 73 31 8 75 54 135 3 142 135 101 16 74 28 
987 933 926 899 917 904 898 871 863 819 785 774 773 773 853 748 875 783 828 779 874 747 574 721 713 601 591 709 679 573 704 573 646 719 614 572 535 559 524 506 440 447 441 494 414 449 408 503 462 389 375 386 334 332 323 330 320 314 312 169 252 204 233 280 157 208 171 199 156 154 220 280 205 289 280 254 184 198 224 148 88 40 110 51 87 14 35 142 45 25 27 49 28 104 49 27 132 126 122 69 
994 985 984 984 966 954 951 946 934 928 922 906 902 898 893 817 804 782 733 754 883 725 713 877 881 862 717 755 853 805 745 820 836 700 678 640 656 643 638 571 574 631 556 636 554 606 575 526 488 400 525 444 502 494 485 500 397 394 436 392 479 386 366 300 326 376 319 364 326 332 296 227 202 256 208 238 250 275 219 197 181 185 191 135 173 179 166 138 126 107 28 8 66 82 37 91 60 54 18 71 